K,H,W,C,R,Th,Tw,Tk,Wh,Ww,Wk,Bh,Bw,Bk,Time
1024, 936, 936, 512, 1, 1, 9, 2, 1, 4, 8, 1, 26, 1, 413.296875 
1024, 936, 936, 512, 1, 1, 9, 2, 1, 8, 4, 1, 13, 1, 404.229187 
1024, 748, 748, 128, 1, 1, 11, 2, 1, 4, 8, 1, 17, 1, 79.311966 
1024, 748, 748, 128, 1, 1, 11, 4, 1, 4, 8, 1, 17, 1, 46.140129 
512, 256, 256, 16, 1, 1, 1, 2, 1, 8, 4, 1, 32, 1, 2.737152 
512, 256, 256, 16, 1, 1, 1, 2, 1, 16, 2, 1, 16, 1, 1.731648 
512, 256, 256, 16, 1, 1, 1, 2, 1, 16, 2, 2, 16, 1, 2.787808 
512, 256, 256, 16, 1, 1, 1, 2, 1, 16, 2, 1, 16, 2, 2.737760 
512, 256, 256, 16, 1, 1, 1, 2, 1, 32, 1, 1, 8, 1, 1.698432 
512, 256, 256, 16, 1, 1, 1, 2, 1, 32, 1, 2, 8, 1, 1.885728 
512, 256, 256, 16, 1, 1, 1, 2, 1, 32, 1, 4, 8, 1, 2.635360 
512, 256, 256, 16, 1, 1, 1, 2, 1, 32, 1, 1, 8, 2, 1.725920 
512, 256, 256, 16, 1, 1, 1, 2, 1, 32, 1, 2, 8, 2, 2.789120 
512, 256, 256, 16, 1, 1, 1, 2, 1, 32, 1, 1, 8, 4, 2.738112 
512, 256, 256, 16, 1, 1, 1, 4, 1, 8, 4, 1, 32, 1, 1.612544 
512, 256, 256, 16, 1, 1, 1, 4, 1, 16, 2, 1, 16, 1, 0.965344 
512, 256, 256, 16, 1, 1, 1, 4, 1, 16, 2, 2, 16, 1, 1.480480 
512, 256, 256, 16, 1, 1, 1, 4, 1, 16, 2, 1, 16, 2, 1.605440 
512, 256, 256, 16, 1, 1, 1, 4, 1, 32, 1, 1, 8, 1, 0.975392 
512, 256, 256, 16, 1, 1, 1, 4, 1, 32, 1, 2, 8, 1, 1.285184 
512, 256, 256, 16, 1, 1, 1, 4, 1, 32, 1, 4, 8, 1, 1.424224 
512, 256, 256, 16, 1, 1, 1, 4, 1, 32, 1, 1, 8, 2, 0.964960 
512, 256, 256, 16, 1, 1, 1, 4, 1, 32, 1, 2, 8, 2, 1.483104 
512, 256, 256, 16, 1, 1, 1, 4, 1, 32, 1, 1, 8, 4, 1.605888 
512, 256, 256, 16, 1, 1, 1, 8, 1, 8, 4, 1, 32, 1, 1.016800 
512, 256, 256, 16, 1, 1, 1, 8, 1, 16, 2, 1, 16, 1, 0.758816 
512, 256, 256, 16, 1, 1, 1, 8, 1, 16, 2, 2, 16, 1, 0.867808 
512, 256, 256, 16, 1, 1, 1, 8, 1, 16, 2, 1, 16, 2, 1.021728 
512, 256, 256, 16, 1, 1, 1, 8, 1, 32, 1, 1, 8, 1, 0.604800 
512, 256, 256, 16, 1, 1, 1, 8, 1, 32, 1, 2, 8, 1, 0.771392 
512, 256, 256, 16, 1, 1, 1, 8, 1, 32, 1, 4, 8, 1, 0.814080 
512, 256, 256, 16, 1, 1, 1, 8, 1, 32, 1, 1, 8, 2, 0.760128 
512, 256, 256, 16, 1, 1, 1, 8, 1, 32, 1, 2, 8, 2, 0.864640 
512, 256, 256, 16, 1, 1, 1, 8, 1, 32, 1, 1, 8, 4, 1.021248 
512, 256, 256, 16, 1, 1, 1, 16, 1, 8, 4, 1, 32, 1, 0.734816 
512, 256, 256, 16, 1, 1, 1, 16, 1, 16, 2, 1, 16, 1, 0.439744 
512, 256, 256, 16, 1, 1, 1, 16, 1, 16, 2, 2, 16, 1, 0.578464 
512, 256, 256, 16, 1, 1, 1, 16, 1, 16, 2, 1, 16, 2, 0.735360 
512, 256, 256, 16, 1, 1, 1, 16, 1, 32, 1, 1, 8, 1, 0.438656 
512, 256, 256, 16, 1, 1, 1, 16, 1, 32, 1, 2, 8, 1, 0.509728 
512, 256, 256, 16, 1, 1, 1, 16, 1, 32, 1, 4, 8, 1, 0.536896 
512, 256, 256, 16, 1, 1, 1, 16, 1, 32, 1, 1, 8, 2, 0.444320 
512, 256, 256, 16, 1, 1, 1, 16, 1, 32, 1, 2, 8, 2, 0.575328 
512, 256, 256, 16, 1, 1, 1, 16, 1, 32, 1, 1, 8, 4, 0.736192 
512, 256, 256, 16, 1, 1, 1, 32, 1, 8, 4, 1, 32, 1, 0.002368 
512, 256, 256, 16, 1, 1, 1, 32, 1, 16, 2, 1, 16, 1, 0.507040 
512, 256, 256, 16, 1, 1, 1, 32, 1, 16, 2, 2, 16, 1, 0.002336 
512, 256, 256, 16, 1, 1, 1, 32, 1, 16, 2, 1, 16, 2, 0.002368 
512, 256, 256, 16, 1, 1, 1, 32, 1, 32, 1, 1, 8, 1, 0.452064 
512, 256, 256, 16, 1, 1, 1, 32, 1, 32, 1, 2, 8, 1, 0.520928 
512, 256, 256, 16, 1, 1, 1, 32, 1, 32, 1, 4, 8, 1, 0.002336 
512, 256, 256, 16, 1, 1, 1, 32, 1, 32, 1, 1, 8, 2, 0.513696 
512, 256, 256, 16, 1, 1, 1, 32, 1, 32, 1, 2, 8, 2, 0.002368 
512, 256, 256, 16, 1, 1, 1, 32, 1, 32, 1, 1, 8, 4, 0.002368 
512, 256, 256, 16, 1, 1, 1, 64, 1, 16, 2, 1, 16, 1, 0.438720 
512, 256, 256, 16, 1, 1, 1, 64, 1, 32, 1, 1, 8, 1, 0.335584 
512, 256, 256, 16, 1, 1, 1, 64, 1, 32, 1, 2, 8, 1, 0.389696 
512, 256, 256, 16, 1, 1, 1, 64, 1, 32, 1, 1, 8, 2, 0.439104 
512, 256, 256, 16, 1, 1, 2, 2, 1, 4, 8, 1, 32, 1, 1.569280 
512, 256, 256, 16, 1, 1, 2, 2, 1, 8, 4, 1, 16, 1, 0.970528 
512, 256, 256, 16, 1, 1, 2, 2, 1, 8, 4, 2, 16, 1, 1.475392 
512, 256, 256, 16, 1, 1, 2, 2, 1, 8, 4, 1, 16, 2, 1.566208 
512, 256, 256, 16, 1, 1, 2, 2, 1, 16, 2, 1, 8, 1, 0.930592 
512, 256, 256, 16, 1, 1, 2, 2, 1, 16, 2, 2, 8, 1, 1.054432 
512, 256, 256, 16, 1, 1, 2, 2, 1, 16, 2, 4, 8, 1, 1.415424 
512, 256, 256, 16, 1, 1, 2, 2, 1, 16, 2, 1, 8, 2, 0.973664 
512, 256, 256, 16, 1, 1, 2, 2, 1, 16, 2, 2, 8, 2, 1.473120 
512, 256, 256, 16, 1, 1, 2, 2, 1, 16, 2, 1, 8, 4, 1.572256 
512, 256, 256, 16, 1, 1, 2, 2, 1, 32, 1, 1, 4, 1, 1.019136 
512, 256, 256, 16, 1, 1, 2, 2, 1, 32, 1, 2, 4, 1, 1.095360 
512, 256, 256, 16, 1, 1, 2, 2, 1, 32, 1, 4, 4, 1, 1.329568 
512, 256, 256, 16, 1, 1, 2, 2, 1, 32, 1, 8, 4, 1, 1.617632 
512, 256, 256, 16, 1, 1, 2, 2, 1, 32, 1, 1, 4, 2, 0.929216 
512, 256, 256, 16, 1, 1, 2, 2, 1, 32, 1, 2, 4, 2, 1.063360 
512, 256, 256, 16, 1, 1, 2, 2, 1, 32, 1, 4, 4, 2, 1.411008 
512, 256, 256, 16, 1, 1, 2, 2, 1, 32, 1, 1, 4, 4, 0.974976 
512, 256, 256, 16, 1, 1, 2, 2, 1, 32, 1, 2, 4, 4, 1.476704 
512, 256, 256, 16, 1, 1, 2, 2, 1, 32, 1, 1, 4, 8, 1.566592 
512, 256, 256, 16, 1, 1, 2, 4, 1, 4, 8, 1, 32, 1, 1.007264 
512, 256, 256, 16, 1, 1, 2, 4, 1, 8, 4, 1, 16, 1, 0.758816 
512, 256, 256, 16, 1, 1, 2, 4, 1, 8, 4, 2, 16, 1, 0.888128 
512, 256, 256, 16, 1, 1, 2, 4, 1, 8, 4, 1, 16, 2, 1.016288 
512, 256, 256, 16, 1, 1, 2, 4, 1, 16, 2, 1, 8, 1, 0.598272 
512, 256, 256, 16, 1, 1, 2, 4, 1, 16, 2, 2, 8, 1, 0.775680 
512, 256, 256, 16, 1, 1, 2, 4, 1, 16, 2, 4, 8, 1, 0.794432 
512, 256, 256, 16, 1, 1, 2, 4, 1, 16, 2, 1, 8, 2, 0.760608 
512, 256, 256, 16, 1, 1, 2, 4, 1, 16, 2, 2, 8, 2, 0.886976 
512, 256, 256, 16, 1, 1, 2, 4, 1, 16, 2, 1, 8, 4, 1.001024 
512, 256, 256, 16, 1, 1, 2, 4, 1, 32, 1, 1, 4, 1, 0.625888 
512, 256, 256, 16, 1, 1, 2, 4, 1, 32, 1, 2, 4, 1, 0.625280 
512, 256, 256, 16, 1, 1, 2, 4, 1, 32, 1, 4, 4, 1, 0.767520 
512, 256, 256, 16, 1, 1, 2, 4, 1, 32, 1, 8, 4, 1, 0.889152 
512, 256, 256, 16, 1, 1, 2, 4, 1, 32, 1, 1, 4, 2, 0.599200 
512, 256, 256, 16, 1, 1, 2, 4, 1, 32, 1, 2, 4, 2, 0.774400 
512, 256, 256, 16, 1, 1, 2, 4, 1, 32, 1, 4, 4, 2, 0.797024 
512, 256, 256, 16, 1, 1, 2, 4, 1, 32, 1, 1, 4, 4, 0.760416 
512, 256, 256, 16, 1, 1, 2, 4, 1, 32, 1, 2, 4, 4, 0.888480 
512, 256, 256, 16, 1, 1, 2, 4, 1, 32, 1, 1, 4, 8, 1.006240 
512, 256, 256, 16, 1, 1, 2, 8, 1, 4, 8, 1, 32, 1, 0.704256 
512, 256, 256, 16, 1, 1, 2, 8, 1, 8, 4, 1, 16, 1, 0.445536 
512, 256, 256, 16, 1, 1, 2, 8, 1, 8, 4, 2, 16, 1, 0.573568 
512, 256, 256, 16, 1, 1, 2, 8, 1, 8, 4, 1, 16, 2, 0.701920 
512, 256, 256, 16, 1, 1, 2, 8, 1, 16, 2, 1, 8, 1, 0.427552 
512, 256, 256, 16, 1, 1, 2, 8, 1, 16, 2, 2, 8, 1, 0.481216 
512, 256, 256, 16, 1, 1, 2, 8, 1, 16, 2, 4, 8, 1, 0.508544 
512, 256, 256, 16, 1, 1, 2, 8, 1, 16, 2, 1, 8, 2, 0.446592 
512, 256, 256, 16, 1, 1, 2, 8, 1, 16, 2, 2, 8, 2, 0.579264 
512, 256, 256, 16, 1, 1, 2, 8, 1, 16, 2, 1, 8, 4, 0.694656 
512, 256, 256, 16, 1, 1, 2, 8, 1, 32, 1, 1, 4, 1, 0.409472 
512, 256, 256, 16, 1, 1, 2, 8, 1, 32, 1, 2, 4, 1, 0.489664 
512, 256, 256, 16, 1, 1, 2, 8, 1, 32, 1, 4, 4, 1, 0.505312 
512, 256, 256, 16, 1, 1, 2, 8, 1, 32, 1, 8, 4, 1, 0.557216 
512, 256, 256, 16, 1, 1, 2, 8, 1, 32, 1, 1, 4, 2, 0.426592 
512, 256, 256, 16, 1, 1, 2, 8, 1, 32, 1, 2, 4, 2, 0.492544 
512, 256, 256, 16, 1, 1, 2, 8, 1, 32, 1, 4, 4, 2, 0.513440 
512, 256, 256, 16, 1, 1, 2, 8, 1, 32, 1, 1, 4, 4, 0.441376 
512, 256, 256, 16, 1, 1, 2, 8, 1, 32, 1, 2, 4, 4, 0.577760 
512, 256, 256, 16, 1, 1, 2, 8, 1, 32, 1, 1, 4, 8, 0.699648 
512, 256, 256, 16, 1, 1, 2, 16, 1, 4, 8, 1, 32, 1, 0.002368 
512, 256, 256, 16, 1, 1, 2, 16, 1, 8, 4, 1, 16, 1, 0.489760 
512, 256, 256, 16, 1, 1, 2, 16, 1, 8, 4, 2, 16, 1, 0.002336 
512, 256, 256, 16, 1, 1, 2, 16, 1, 8, 4, 1, 16, 2, 0.002336 
512, 256, 256, 16, 1, 1, 2, 16, 1, 16, 2, 1, 8, 1, 0.339488 
512, 256, 256, 16, 1, 1, 2, 16, 1, 16, 2, 2, 8, 1, 0.508064 
512, 256, 256, 16, 1, 1, 2, 16, 1, 16, 2, 4, 8, 1, 0.002368 
512, 256, 256, 16, 1, 1, 2, 16, 1, 16, 2, 1, 8, 2, 0.487936 
512, 256, 256, 16, 1, 1, 2, 16, 1, 16, 2, 2, 8, 2, 0.002336 
512, 256, 256, 16, 1, 1, 2, 16, 1, 16, 2, 1, 8, 4, 0.002368 
512, 256, 256, 16, 1, 1, 2, 16, 1, 32, 1, 1, 4, 1, 0.357888 
512, 256, 256, 16, 1, 1, 2, 16, 1, 32, 1, 2, 4, 1, 0.378176 
512, 256, 256, 16, 1, 1, 2, 16, 1, 32, 1, 4, 4, 1, 0.509728 
512, 256, 256, 16, 1, 1, 2, 16, 1, 32, 1, 8, 4, 1, 0.002336 
512, 256, 256, 16, 1, 1, 2, 16, 1, 32, 1, 1, 4, 2, 0.341088 
512, 256, 256, 16, 1, 1, 2, 16, 1, 32, 1, 2, 4, 2, 0.507168 
512, 256, 256, 16, 1, 1, 2, 16, 1, 32, 1, 4, 4, 2, 0.002336 
512, 256, 256, 16, 1, 1, 2, 16, 1, 32, 1, 1, 4, 4, 0.489184 
512, 256, 256, 16, 1, 1, 2, 16, 1, 32, 1, 2, 4, 4, 0.002368 
512, 256, 256, 16, 1, 1, 2, 16, 1, 32, 1, 1, 4, 8, 0.002336 
512, 256, 256, 16, 1, 1, 2, 32, 1, 8, 4, 1, 16, 1, 0.572768 
512, 256, 256, 16, 1, 1, 2, 32, 1, 16, 2, 1, 8, 1, 0.329088 
512, 256, 256, 16, 1, 1, 2, 32, 1, 16, 2, 2, 8, 1, 0.399168 
512, 256, 256, 16, 1, 1, 2, 32, 1, 16, 2, 1, 8, 2, 0.574816 
512, 256, 256, 16, 1, 1, 2, 32, 1, 32, 1, 1, 4, 1, 0.305920 
512, 256, 256, 16, 1, 1, 2, 32, 1, 32, 1, 2, 4, 1, 0.348832 
512, 256, 256, 16, 1, 1, 2, 32, 1, 32, 1, 4, 4, 1, 0.415456 
512, 256, 256, 16, 1, 1, 2, 32, 1, 32, 1, 1, 4, 2, 0.327040 
512, 256, 256, 16, 1, 1, 2, 32, 1, 32, 1, 2, 4, 2, 0.398912 
512, 256, 256, 16, 1, 1, 2, 32, 1, 32, 1, 1, 4, 4, 0.578240 
512, 256, 256, 16, 1, 1, 2, 64, 1, 16, 2, 1, 8, 1, 1.108672 
512, 256, 256, 16, 1, 1, 2, 64, 1, 32, 1, 1, 4, 1, 0.562240 
512, 256, 256, 16, 1, 1, 2, 64, 1, 32, 1, 2, 4, 1, 0.661600 
512, 256, 256, 16, 1, 1, 2, 64, 1, 32, 1, 1, 4, 2, 1.108640 
512, 256, 256, 16, 1, 1, 4, 2, 1, 2, 16, 1, 32, 1, 0.999040 
512, 256, 256, 16, 1, 1, 4, 2, 1, 4, 8, 1, 16, 1, 0.785952 
512, 256, 256, 16, 1, 1, 4, 2, 1, 4, 8, 2, 16, 1, 0.931008 
512, 256, 256, 16, 1, 1, 4, 2, 1, 4, 8, 1, 16, 2, 0.992864 
512, 256, 256, 16, 1, 1, 4, 2, 1, 8, 4, 1, 8, 1, 0.609792 
512, 256, 256, 16, 1, 1, 4, 2, 1, 8, 4, 2, 8, 1, 0.795232 
512, 256, 256, 16, 1, 1, 4, 2, 1, 8, 4, 4, 8, 1, 0.825984 
512, 256, 256, 16, 1, 1, 4, 2, 1, 8, 4, 1, 8, 2, 0.789504 
512, 256, 256, 16, 1, 1, 4, 2, 1, 8, 4, 2, 8, 2, 0.927552 
512, 256, 256, 16, 1, 1, 4, 2, 1, 8, 4, 1, 8, 4, 0.995328 
512, 256, 256, 16, 1, 1, 4, 2, 1, 16, 2, 1, 4, 1, 0.628096 
512, 256, 256, 16, 1, 1, 4, 2, 1, 16, 2, 2, 4, 1, 0.643808 
512, 256, 256, 16, 1, 1, 4, 2, 1, 16, 2, 4, 4, 1, 0.775136 
512, 256, 256, 16, 1, 1, 4, 2, 1, 16, 2, 8, 4, 1, 0.906368 
512, 256, 256, 16, 1, 1, 4, 2, 1, 16, 2, 1, 4, 2, 0.614304 
512, 256, 256, 16, 1, 1, 4, 2, 1, 16, 2, 2, 4, 2, 0.803040 
512, 256, 256, 16, 1, 1, 4, 2, 1, 16, 2, 4, 4, 2, 0.827744 
512, 256, 256, 16, 1, 1, 4, 2, 1, 16, 2, 1, 4, 4, 0.784960 
512, 256, 256, 16, 1, 1, 4, 2, 1, 16, 2, 2, 4, 4, 0.931584 
512, 256, 256, 16, 1, 1, 4, 2, 1, 16, 2, 1, 4, 8, 0.992576 
512, 256, 256, 16, 1, 1, 4, 2, 1, 32, 1, 1, 2, 1, 0.660096 
512, 256, 256, 16, 1, 1, 4, 2, 1, 32, 1, 2, 2, 1, 0.636032 
512, 256, 256, 16, 1, 1, 4, 2, 1, 32, 1, 4, 2, 1, 0.676032 
512, 256, 256, 16, 1, 1, 4, 2, 1, 32, 1, 8, 2, 1, 0.850976 
512, 256, 256, 16, 1, 1, 4, 2, 1, 32, 1, 1, 2, 2, 0.625312 
512, 256, 256, 16, 1, 1, 4, 2, 1, 32, 1, 2, 2, 2, 0.641120 
512, 256, 256, 16, 1, 1, 4, 2, 1, 32, 1, 4, 2, 2, 0.770176 
512, 256, 256, 16, 1, 1, 4, 2, 1, 32, 1, 8, 2, 2, 0.905312 
512, 256, 256, 16, 1, 1, 4, 2, 1, 32, 1, 1, 2, 4, 0.612864 
512, 256, 256, 16, 1, 1, 4, 2, 1, 32, 1, 2, 2, 4, 0.796192 
512, 256, 256, 16, 1, 1, 4, 2, 1, 32, 1, 4, 2, 4, 0.826720 
512, 256, 256, 16, 1, 1, 4, 2, 1, 32, 1, 1, 2, 8, 0.789056 
512, 256, 256, 16, 1, 1, 4, 2, 1, 32, 1, 2, 2, 8, 0.925536 
512, 256, 256, 16, 1, 1, 4, 2, 1, 32, 1, 1, 2, 16, 1.001184 
512, 256, 256, 16, 1, 1, 4, 4, 1, 2, 16, 1, 32, 1, 0.636128 
512, 256, 256, 16, 1, 1, 4, 4, 1, 4, 8, 1, 16, 1, 0.473120 
512, 256, 256, 16, 1, 1, 4, 4, 1, 4, 8, 2, 16, 1, 0.610528 
512, 256, 256, 16, 1, 1, 4, 4, 1, 4, 8, 1, 16, 2, 0.635584 
512, 256, 256, 16, 1, 1, 4, 4, 1, 8, 4, 1, 8, 1, 0.433792 
512, 256, 256, 16, 1, 1, 4, 4, 1, 8, 4, 2, 8, 1, 0.498464 
512, 256, 256, 16, 1, 1, 4, 4, 1, 8, 4, 4, 8, 1, 0.537856 
512, 256, 256, 16, 1, 1, 4, 4, 1, 8, 4, 1, 8, 2, 0.471744 
512, 256, 256, 16, 1, 1, 4, 4, 1, 8, 4, 2, 8, 2, 0.611168 
512, 256, 256, 16, 1, 1, 4, 4, 1, 8, 4, 1, 8, 4, 0.632128 
512, 256, 256, 16, 1, 1, 4, 4, 1, 16, 2, 1, 4, 1, 0.419136 
512, 256, 256, 16, 1, 1, 4, 4, 1, 16, 2, 2, 4, 1, 0.519808 
512, 256, 256, 16, 1, 1, 4, 4, 1, 16, 2, 4, 4, 1, 0.519712 
512, 256, 256, 16, 1, 1, 4, 4, 1, 16, 2, 8, 4, 1, 0.552320 
512, 256, 256, 16, 1, 1, 4, 4, 1, 16, 2, 1, 4, 2, 0.435936 
512, 256, 256, 16, 1, 1, 4, 4, 1, 16, 2, 2, 4, 2, 0.511520 
512, 256, 256, 16, 1, 1, 4, 4, 1, 16, 2, 4, 4, 2, 0.532288 
512, 256, 256, 16, 1, 1, 4, 4, 1, 16, 2, 1, 4, 4, 0.473536 
512, 256, 256, 16, 1, 1, 4, 4, 1, 16, 2, 2, 4, 4, 0.611488 
512, 256, 256, 16, 1, 1, 4, 4, 1, 16, 2, 1, 4, 8, 0.634176 
512, 256, 256, 16, 1, 1, 4, 4, 1, 32, 1, 1, 2, 1, 0.439712 
512, 256, 256, 16, 1, 1, 4, 4, 1, 32, 1, 2, 2, 1, 0.442976 
512, 256, 256, 16, 1, 1, 4, 4, 1, 32, 1, 4, 2, 1, 0.493376 
512, 256, 256, 16, 1, 1, 4, 4, 1, 32, 1, 8, 2, 1, 0.501888 
512, 256, 256, 16, 1, 1, 4, 4, 1, 32, 1, 1, 2, 2, 0.420576 
512, 256, 256, 16, 1, 1, 4, 4, 1, 32, 1, 2, 2, 2, 0.512000 
512, 256, 256, 16, 1, 1, 4, 4, 1, 32, 1, 4, 2, 2, 0.535168 
512, 256, 256, 16, 1, 1, 4, 4, 1, 32, 1, 8, 2, 2, 0.562720 
512, 256, 256, 16, 1, 1, 4, 4, 1, 32, 1, 1, 2, 4, 0.434688 
512, 256, 256, 16, 1, 1, 4, 4, 1, 32, 1, 2, 2, 4, 0.494752 
512, 256, 256, 16, 1, 1, 4, 4, 1, 32, 1, 4, 2, 4, 0.534208 
512, 256, 256, 16, 1, 1, 4, 4, 1, 32, 1, 1, 2, 8, 0.472544 
512, 256, 256, 16, 1, 1, 4, 4, 1, 32, 1, 2, 2, 8, 0.607040 
512, 256, 256, 16, 1, 1, 4, 4, 1, 32, 1, 1, 2, 16, 0.627840 
512, 256, 256, 16, 1, 1, 4, 8, 1, 2, 16, 1, 32, 1, 0.002336 
512, 256, 256, 16, 1, 1, 4, 8, 1, 4, 8, 1, 16, 1, 0.513248 
512, 256, 256, 16, 1, 1, 4, 8, 1, 4, 8, 2, 16, 1, 0.002336 
512, 256, 256, 16, 1, 1, 4, 8, 1, 4, 8, 1, 16, 2, 0.002336 
512, 256, 256, 16, 1, 1, 4, 8, 1, 8, 4, 1, 8, 1, 0.345504 
512, 256, 256, 16, 1, 1, 4, 8, 1, 8, 4, 2, 8, 1, 0.519168 
512, 256, 256, 16, 1, 1, 4, 8, 1, 8, 4, 4, 8, 1, 0.002368 
512, 256, 256, 16, 1, 1, 4, 8, 1, 8, 4, 1, 8, 2, 0.507488 
512, 256, 256, 16, 1, 1, 4, 8, 1, 8, 4, 2, 8, 2, 0.002368 
512, 256, 256, 16, 1, 1, 4, 8, 1, 8, 4, 1, 8, 4, 0.002368 
512, 256, 256, 16, 1, 1, 4, 8, 1, 16, 2, 1, 4, 1, 0.308864 
512, 256, 256, 16, 1, 1, 4, 8, 1, 16, 2, 2, 4, 1, 0.370368 
512, 256, 256, 16, 1, 1, 4, 8, 1, 16, 2, 4, 4, 1, 0.502016 
512, 256, 256, 16, 1, 1, 4, 8, 1, 16, 2, 8, 4, 1, 0.002368 
512, 256, 256, 16, 1, 1, 4, 8, 1, 16, 2, 1, 4, 2, 0.349280 
512, 256, 256, 16, 1, 1, 4, 8, 1, 16, 2, 2, 4, 2, 0.519072 
512, 256, 256, 16, 1, 1, 4, 8, 1, 16, 2, 4, 4, 2, 0.002464 
512, 256, 256, 16, 1, 1, 4, 8, 1, 16, 2, 1, 4, 4, 0.511744 
512, 256, 256, 16, 1, 1, 4, 8, 1, 16, 2, 2, 4, 4, 0.002336 
512, 256, 256, 16, 1, 1, 4, 8, 1, 16, 2, 1, 4, 8, 0.002368 
512, 256, 256, 16, 1, 1, 4, 8, 1, 32, 1, 1, 2, 1, 0.347168 
512, 256, 256, 16, 1, 1, 4, 8, 1, 32, 1, 2, 2, 1, 0.349600 
512, 256, 256, 16, 1, 1, 4, 8, 1, 32, 1, 4, 2, 1, 0.452000 
512, 256, 256, 16, 1, 1, 4, 8, 1, 32, 1, 8, 2, 1, 0.513408 
512, 256, 256, 16, 1, 1, 4, 8, 1, 32, 1, 1, 2, 2, 0.309056 
512, 256, 256, 16, 1, 1, 4, 8, 1, 32, 1, 2, 2, 2, 0.381248 
512, 256, 256, 16, 1, 1, 4, 8, 1, 32, 1, 4, 2, 2, 0.505792 
512, 256, 256, 16, 1, 1, 4, 8, 1, 32, 1, 8, 2, 2, 0.002336 
512, 256, 256, 16, 1, 1, 4, 8, 1, 32, 1, 1, 2, 4, 0.351712 
512, 256, 256, 16, 1, 1, 4, 8, 1, 32, 1, 2, 2, 4, 0.514432 
512, 256, 256, 16, 1, 1, 4, 8, 1, 32, 1, 4, 2, 4, 0.002368 
512, 256, 256, 16, 1, 1, 4, 8, 1, 32, 1, 1, 2, 8, 0.524448 
512, 256, 256, 16, 1, 1, 4, 8, 1, 32, 1, 2, 2, 8, 0.002400 
512, 256, 256, 16, 1, 1, 4, 8, 1, 32, 1, 1, 2, 16, 0.002336 
512, 256, 256, 16, 1, 1, 4, 16, 1, 4, 8, 1, 16, 1, 0.463872 
512, 256, 256, 16, 1, 1, 4, 16, 1, 8, 4, 1, 8, 1, 0.328352 
512, 256, 256, 16, 1, 1, 4, 16, 1, 8, 4, 2, 8, 1, 0.392672 
512, 256, 256, 16, 1, 1, 4, 16, 1, 8, 4, 1, 8, 2, 0.463424 
512, 256, 256, 16, 1, 1, 4, 16, 1, 16, 2, 1, 4, 1, 0.295616 
512, 256, 256, 16, 1, 1, 4, 16, 1, 16, 2, 2, 4, 1, 0.330560 
512, 256, 256, 16, 1, 1, 4, 16, 1, 16, 2, 4, 4, 1, 0.404864 
512, 256, 256, 16, 1, 1, 4, 16, 1, 16, 2, 1, 4, 2, 0.330560 
512, 256, 256, 16, 1, 1, 4, 16, 1, 16, 2, 2, 4, 2, 0.393728 
512, 256, 256, 16, 1, 1, 4, 16, 1, 16, 2, 1, 4, 4, 0.464384 
512, 256, 256, 16, 1, 1, 4, 16, 1, 32, 1, 1, 2, 1, 0.308448 
512, 256, 256, 16, 1, 1, 4, 16, 1, 32, 1, 2, 2, 1, 0.335264 
512, 256, 256, 16, 1, 1, 4, 16, 1, 32, 1, 4, 2, 1, 0.375168 
512, 256, 256, 16, 1, 1, 4, 16, 1, 32, 1, 8, 2, 1, 0.430496 
512, 256, 256, 16, 1, 1, 4, 16, 1, 32, 1, 1, 2, 2, 0.299296 
512, 256, 256, 16, 1, 1, 4, 16, 1, 32, 1, 2, 2, 2, 0.335392 
512, 256, 256, 16, 1, 1, 4, 16, 1, 32, 1, 4, 2, 2, 0.404832 
512, 256, 256, 16, 1, 1, 4, 16, 1, 32, 1, 1, 2, 4, 0.330208 
512, 256, 256, 16, 1, 1, 4, 16, 1, 32, 1, 2, 2, 4, 0.393728 
512, 256, 256, 16, 1, 1, 4, 16, 1, 32, 1, 1, 2, 8, 0.465184 
512, 256, 256, 16, 1, 1, 4, 32, 1, 8, 4, 1, 8, 1, 1.110624 
512, 256, 256, 16, 1, 1, 4, 32, 1, 16, 2, 1, 4, 1, 0.468800 
512, 256, 256, 16, 1, 1, 4, 32, 1, 16, 2, 2, 4, 1, 0.598752 
512, 256, 256, 16, 1, 1, 4, 32, 1, 16, 2, 1, 4, 2, 1.109792 
512, 256, 256, 16, 1, 1, 4, 32, 1, 32, 1, 1, 2, 1, 0.438592 
512, 256, 256, 16, 1, 1, 4, 32, 1, 32, 1, 2, 2, 1, 0.456000 
512, 256, 256, 16, 1, 1, 4, 32, 1, 32, 1, 4, 2, 1, 0.554080 
512, 256, 256, 16, 1, 1, 4, 32, 1, 32, 1, 1, 2, 2, 0.468064 
512, 256, 256, 16, 1, 1, 4, 32, 1, 32, 1, 2, 2, 2, 0.595872 
512, 256, 256, 16, 1, 1, 4, 32, 1, 32, 1, 1, 2, 4, 1.109568 
512, 256, 256, 16, 1, 1, 8, 2, 1, 1, 32, 1, 32, 1, 0.639776 
512, 256, 256, 16, 1, 1, 8, 2, 1, 2, 16, 1, 16, 1, 0.502848 
512, 256, 256, 16, 1, 1, 8, 2, 1, 2, 16, 2, 16, 1, 0.635296 
512, 256, 256, 16, 1, 1, 8, 2, 1, 2, 16, 1, 16, 2, 0.637088 
512, 256, 256, 16, 1, 1, 8, 2, 1, 4, 8, 1, 8, 1, 0.472960 
512, 256, 256, 16, 1, 1, 8, 2, 1, 4, 8, 2, 8, 1, 0.553056 
512, 256, 256, 16, 1, 1, 8, 2, 1, 4, 8, 4, 8, 1, 0.596480 
512, 256, 256, 16, 1, 1, 8, 2, 1, 4, 8, 1, 8, 2, 0.500896 
512, 256, 256, 16, 1, 1, 8, 2, 1, 4, 8, 2, 8, 2, 0.638208 
512, 256, 256, 16, 1, 1, 8, 2, 1, 4, 8, 1, 8, 4, 0.639296 
512, 256, 256, 16, 1, 1, 8, 2, 1, 8, 4, 1, 4, 1, 0.429568 
512, 256, 256, 16, 1, 1, 8, 2, 1, 8, 4, 2, 4, 1, 0.521568 
512, 256, 256, 16, 1, 1, 8, 2, 1, 8, 4, 4, 4, 1, 0.548576 
512, 256, 256, 16, 1, 1, 8, 2, 1, 8, 4, 1, 4, 2, 0.474272 
512, 256, 256, 16, 1, 1, 8, 2, 1, 8, 4, 2, 4, 2, 0.558688 
512, 256, 256, 16, 1, 1, 8, 2, 1, 8, 4, 4, 4, 2, 0.599648 
512, 256, 256, 16, 1, 1, 8, 2, 1, 8, 4, 1, 4, 4, 0.503424 
512, 256, 256, 16, 1, 1, 8, 2, 1, 8, 4, 2, 4, 4, 0.642624 
512, 256, 256, 16, 1, 1, 8, 2, 1, 8, 4, 1, 4, 8, 0.643040 
512, 256, 256, 16, 1, 1, 8, 2, 1, 16, 2, 1, 2, 1, 0.455488 
512, 256, 256, 16, 1, 1, 8, 2, 1, 16, 2, 2, 2, 1, 0.451104 
512, 256, 256, 16, 1, 1, 8, 2, 1, 16, 2, 4, 2, 1, 0.510048 
512, 256, 256, 16, 1, 1, 8, 2, 1, 16, 2, 8, 2, 1, 0.520032 
512, 256, 256, 16, 1, 1, 8, 2, 1, 16, 2, 1, 2, 2, 0.426368 
512, 256, 256, 16, 1, 1, 8, 2, 1, 16, 2, 2, 2, 2, 0.512640 
512, 256, 256, 16, 1, 1, 8, 2, 1, 16, 2, 4, 2, 2, 0.528832 
512, 256, 256, 16, 1, 1, 8, 2, 1, 16, 2, 1, 2, 4, 0.468576 
512, 256, 256, 16, 1, 1, 8, 2, 1, 16, 2, 2, 2, 4, 0.555872 
512, 256, 256, 16, 1, 1, 8, 2, 1, 16, 2, 4, 2, 4, 0.589280 
512, 256, 256, 16, 1, 1, 8, 2, 1, 16, 2, 1, 2, 8, 0.506880 
512, 256, 256, 16, 1, 1, 8, 2, 1, 16, 2, 2, 2, 8, 0.633984 
512, 256, 256, 16, 1, 1, 8, 2, 1, 16, 2, 1, 2, 16, 0.639328 
512, 256, 256, 16, 1, 1, 8, 2, 1, 32, 1, 1, 1, 1, 0.599776 
512, 256, 256, 16, 1, 1, 8, 2, 1, 32, 1, 2, 1, 1, 0.572800 
512, 256, 256, 16, 1, 1, 8, 2, 1, 32, 1, 4, 1, 1, 0.577152 
512, 256, 256, 16, 1, 1, 8, 2, 1, 32, 1, 8, 1, 1, 0.743200 
512, 256, 256, 16, 1, 1, 8, 2, 1, 32, 1, 1, 1, 2, 0.471936 
512, 256, 256, 16, 1, 1, 8, 2, 1, 32, 1, 2, 1, 2, 0.454208 
512, 256, 256, 16, 1, 1, 8, 2, 1, 32, 1, 4, 1, 2, 0.511520 
512, 256, 256, 16, 1, 1, 8, 2, 1, 32, 1, 8, 1, 2, 0.523552 
512, 256, 256, 16, 1, 1, 8, 2, 1, 32, 1, 1, 1, 4, 0.430880 
512, 256, 256, 16, 1, 1, 8, 2, 1, 32, 1, 2, 1, 4, 0.515072 
512, 256, 256, 16, 1, 1, 8, 2, 1, 32, 1, 4, 1, 4, 0.556640 
512, 256, 256, 16, 1, 1, 8, 2, 1, 32, 1, 1, 1, 8, 0.471648 
512, 256, 256, 16, 1, 1, 8, 2, 1, 32, 1, 2, 1, 8, 0.560608 
512, 256, 256, 16, 1, 1, 8, 2, 1, 32, 1, 4, 1, 8, 0.587872 
512, 256, 256, 16, 1, 1, 8, 2, 1, 32, 1, 1, 1, 16, 0.500928 
512, 256, 256, 16, 1, 1, 8, 2, 1, 32, 1, 2, 1, 16, 0.638144 
512, 256, 256, 16, 1, 1, 8, 2, 1, 32, 1, 1, 1, 32, 0.640288 
512, 256, 256, 16, 1, 1, 8, 4, 1, 1, 32, 1, 32, 1, 0.002368 
512, 256, 256, 16, 1, 1, 8, 4, 1, 2, 16, 1, 16, 1, 0.520704 
512, 256, 256, 16, 1, 1, 8, 4, 1, 2, 16, 2, 16, 1, 0.002368 
512, 256, 256, 16, 1, 1, 8, 4, 1, 2, 16, 1, 16, 2, 0.002336 
512, 256, 256, 16, 1, 1, 8, 4, 1, 4, 8, 1, 8, 1, 0.364416 
512, 256, 256, 16, 1, 1, 8, 4, 1, 4, 8, 2, 8, 1, 0.550688 
512, 256, 256, 16, 1, 1, 8, 4, 1, 4, 8, 4, 8, 1, 0.002368 
512, 256, 256, 16, 1, 1, 8, 4, 1, 4, 8, 1, 8, 2, 0.515360 
512, 256, 256, 16, 1, 1, 8, 4, 1, 4, 8, 2, 8, 2, 0.002336 
512, 256, 256, 16, 1, 1, 8, 4, 1, 4, 8, 1, 8, 4, 0.002336 
512, 256, 256, 16, 1, 1, 8, 4, 1, 8, 4, 1, 4, 1, 0.344064 
512, 256, 256, 16, 1, 1, 8, 4, 1, 8, 4, 2, 4, 1, 0.423456 
512, 256, 256, 16, 1, 1, 8, 4, 1, 8, 4, 4, 4, 1, 0.525152 
512, 256, 256, 16, 1, 1, 8, 4, 1, 8, 4, 1, 4, 2, 0.359872 
512, 256, 256, 16, 1, 1, 8, 4, 1, 8, 4, 2, 4, 2, 0.550432 
512, 256, 256, 16, 1, 1, 8, 4, 1, 8, 4, 4, 4, 2, 0.002432 
512, 256, 256, 16, 1, 1, 8, 4, 1, 8, 4, 1, 4, 4, 0.515744 
512, 256, 256, 16, 1, 1, 8, 4, 1, 8, 4, 2, 4, 4, 0.002368 
512, 256, 256, 16, 1, 1, 8, 4, 1, 8, 4, 1, 4, 8, 0.002368 
512, 256, 256, 16, 1, 1, 8, 4, 1, 16, 2, 1, 2, 1, 0.351424 
512, 256, 256, 16, 1, 1, 8, 4, 1, 16, 2, 2, 2, 1, 0.366304 
512, 256, 256, 16, 1, 1, 8, 4, 1, 16, 2, 4, 2, 1, 0.455360 
512, 256, 256, 16, 1, 1, 8, 4, 1, 16, 2, 8, 2, 1, 0.533248 
512, 256, 256, 16, 1, 1, 8, 4, 1, 16, 2, 1, 2, 2, 0.338784 
512, 256, 256, 16, 1, 1, 8, 4, 1, 16, 2, 2, 2, 2, 0.423712 
512, 256, 256, 16, 1, 1, 8, 4, 1, 16, 2, 4, 2, 2, 0.522624 
512, 256, 256, 16, 1, 1, 8, 4, 1, 16, 2, 1, 2, 4, 0.359584 
512, 256, 256, 16, 1, 1, 8, 4, 1, 16, 2, 2, 2, 4, 0.552736 
512, 256, 256, 16, 1, 1, 8, 4, 1, 16, 2, 4, 2, 4, 0.002336 
512, 256, 256, 16, 1, 1, 8, 4, 1, 16, 2, 1, 2, 8, 0.516544 
512, 256, 256, 16, 1, 1, 8, 4, 1, 16, 2, 2, 2, 8, 0.002336 
512, 256, 256, 16, 1, 1, 8, 4, 1, 16, 2, 1, 2, 16, 0.002336 
512, 256, 256, 16, 1, 1, 8, 4, 1, 32, 1, 1, 1, 1, 0.402560 
512, 256, 256, 16, 1, 1, 8, 4, 1, 32, 1, 2, 1, 1, 0.395264 
512, 256, 256, 16, 1, 1, 8, 4, 1, 32, 1, 4, 1, 1, 0.420672 
512, 256, 256, 16, 1, 1, 8, 4, 1, 32, 1, 8, 1, 1, 0.522272 
512, 256, 256, 16, 1, 1, 8, 4, 1, 32, 1, 1, 1, 2, 0.354144 
512, 256, 256, 16, 1, 1, 8, 4, 1, 32, 1, 2, 1, 2, 0.364800 
512, 256, 256, 16, 1, 1, 8, 4, 1, 32, 1, 4, 1, 2, 0.452384 
512, 256, 256, 16, 1, 1, 8, 4, 1, 32, 1, 8, 1, 2, 0.537056 
512, 256, 256, 16, 1, 1, 8, 4, 1, 32, 1, 1, 1, 4, 0.339136 
512, 256, 256, 16, 1, 1, 8, 4, 1, 32, 1, 2, 1, 4, 0.425184 
512, 256, 256, 16, 1, 1, 8, 4, 1, 32, 1, 4, 1, 4, 0.527008 
512, 256, 256, 16, 1, 1, 8, 4, 1, 32, 1, 1, 1, 8, 0.356160 
512, 256, 256, 16, 1, 1, 8, 4, 1, 32, 1, 2, 1, 8, 0.554112 
512, 256, 256, 16, 1, 1, 8, 4, 1, 32, 1, 4, 1, 8, 0.002336 
512, 256, 256, 16, 1, 1, 8, 4, 1, 32, 1, 1, 1, 16, 0.517056 
512, 256, 256, 16, 1, 1, 8, 4, 1, 32, 1, 2, 1, 16, 0.002336 
512, 256, 256, 16, 1, 1, 8, 4, 1, 32, 1, 1, 1, 32, 0.002336 
512, 256, 256, 16, 1, 1, 8, 8, 1, 2, 16, 1, 16, 1, 0.418112 
512, 256, 256, 16, 1, 1, 8, 8, 1, 4, 8, 1, 8, 1, 0.334400 
512, 256, 256, 16, 1, 1, 8, 8, 1, 4, 8, 2, 8, 1, 0.409280 
512, 256, 256, 16, 1, 1, 8, 8, 1, 4, 8, 1, 8, 2, 0.419264 
512, 256, 256, 16, 1, 1, 8, 8, 1, 8, 4, 1, 4, 1, 0.312512 
512, 256, 256, 16, 1, 1, 8, 8, 1, 8, 4, 2, 4, 1, 0.339072 
512, 256, 256, 16, 1, 1, 8, 8, 1, 8, 4, 4, 4, 1, 0.417536 
512, 256, 256, 16, 1, 1, 8, 8, 1, 8, 4, 1, 4, 2, 0.337824 
512, 256, 256, 16, 1, 1, 8, 8, 1, 8, 4, 2, 4, 2, 0.407712 
512, 256, 256, 16, 1, 1, 8, 8, 1, 8, 4, 1, 4, 4, 0.418432 
512, 256, 256, 16, 1, 1, 8, 8, 1, 16, 2, 1, 2, 1, 0.330784 
512, 256, 256, 16, 1, 1, 8, 8, 1, 16, 2, 2, 2, 1, 0.355136 
512, 256, 256, 16, 1, 1, 8, 8, 1, 16, 2, 4, 2, 1, 0.392832 
512, 256, 256, 16, 1, 1, 8, 8, 1, 16, 2, 8, 2, 1, 0.442304 
512, 256, 256, 16, 1, 1, 8, 8, 1, 16, 2, 1, 2, 2, 0.307360 
512, 256, 256, 16, 1, 1, 8, 8, 1, 16, 2, 2, 2, 2, 0.345408 
512, 256, 256, 16, 1, 1, 8, 8, 1, 16, 2, 4, 2, 2, 0.416128 
512, 256, 256, 16, 1, 1, 8, 8, 1, 16, 2, 1, 2, 4, 0.332320 
512, 256, 256, 16, 1, 1, 8, 8, 1, 16, 2, 2, 2, 4, 0.408864 
512, 256, 256, 16, 1, 1, 8, 8, 1, 16, 2, 1, 2, 8, 0.416224 
512, 256, 256, 16, 1, 1, 8, 8, 1, 32, 1, 1, 1, 1, 0.361344 
512, 256, 256, 16, 1, 1, 8, 8, 1, 32, 1, 2, 1, 1, 0.390080 
512, 256, 256, 16, 1, 1, 8, 8, 1, 32, 1, 4, 1, 1, 0.412256 
512, 256, 256, 16, 1, 1, 8, 8, 1, 32, 1, 8, 1, 1, 0.436000 
512, 256, 256, 16, 1, 1, 8, 8, 1, 32, 1, 1, 1, 2, 0.328608 
512, 256, 256, 16, 1, 1, 8, 8, 1, 32, 1, 2, 1, 2, 0.348704 
512, 256, 256, 16, 1, 1, 8, 8, 1, 32, 1, 4, 1, 2, 0.394912 
512, 256, 256, 16, 1, 1, 8, 8, 1, 32, 1, 8, 1, 2, 0.439776 
512, 256, 256, 16, 1, 1, 8, 8, 1, 32, 1, 1, 1, 4, 0.308928 
512, 256, 256, 16, 1, 1, 8, 8, 1, 32, 1, 2, 1, 4, 0.347936 
512, 256, 256, 16, 1, 1, 8, 8, 1, 32, 1, 4, 1, 4, 0.417536 
512, 256, 256, 16, 1, 1, 8, 8, 1, 32, 1, 1, 1, 8, 0.341120 
512, 256, 256, 16, 1, 1, 8, 8, 1, 32, 1, 2, 1, 8, 0.406656 
512, 256, 256, 16, 1, 1, 8, 8, 1, 32, 1, 1, 1, 16, 0.419008 
512, 256, 256, 16, 1, 1, 8, 16, 1, 4, 8, 1, 8, 1, 0.590464 
512, 256, 256, 16, 1, 1, 8, 16, 1, 8, 4, 1, 4, 1, 0.409248 
512, 256, 256, 16, 1, 1, 8, 16, 1, 8, 4, 2, 4, 1, 0.567232 
512, 256, 256, 16, 1, 1, 8, 16, 1, 8, 4, 1, 4, 2, 0.589536 
512, 256, 256, 16, 1, 1, 8, 16, 1, 16, 2, 1, 2, 1, 0.363744 
512, 256, 256, 16, 1, 1, 8, 16, 1, 16, 2, 2, 2, 1, 0.371008 
512, 256, 256, 16, 1, 1, 8, 16, 1, 16, 2, 4, 2, 1, 0.492096 
512, 256, 256, 16, 1, 1, 8, 16, 1, 16, 2, 1, 2, 2, 0.411008 
512, 256, 256, 16, 1, 1, 8, 16, 1, 16, 2, 2, 2, 2, 0.568128 
512, 256, 256, 16, 1, 1, 8, 16, 1, 16, 2, 1, 2, 4, 0.589824 
512, 256, 256, 16, 1, 1, 8, 16, 1, 32, 1, 1, 1, 1, 0.595168 
512, 256, 256, 16, 1, 1, 8, 16, 1, 32, 1, 2, 1, 1, 0.607584 
512, 256, 256, 16, 1, 1, 8, 16, 1, 32, 1, 4, 1, 1, 0.598176 
512, 256, 256, 16, 1, 1, 8, 16, 1, 32, 1, 8, 1, 1, 0.768576 
512, 256, 256, 16, 1, 1, 8, 16, 1, 32, 1, 1, 1, 2, 0.364768 
512, 256, 256, 16, 1, 1, 8, 16, 1, 32, 1, 2, 1, 2, 0.371552 
512, 256, 256, 16, 1, 1, 8, 16, 1, 32, 1, 4, 1, 2, 0.491520 
512, 256, 256, 16, 1, 1, 8, 16, 1, 32, 1, 1, 1, 4, 0.412992 
512, 256, 256, 16, 1, 1, 8, 16, 1, 32, 1, 2, 1, 4, 0.567488 
512, 256, 256, 16, 1, 1, 8, 16, 1, 32, 1, 1, 1, 8, 0.591936 
512, 256, 256, 16, 1, 1, 16, 2, 1, 1, 32, 1, 16, 1, 0.560096 
512, 256, 256, 16, 1, 1, 16, 2, 1, 2, 16, 1, 8, 1, 0.386528 
512, 256, 256, 16, 1, 1, 16, 2, 1, 2, 16, 2, 8, 1, 0.595808 
512, 256, 256, 16, 1, 1, 16, 2, 1, 2, 16, 1, 8, 2, 0.556576 
512, 256, 256, 16, 1, 1, 16, 2, 1, 4, 8, 1, 4, 1, 0.361504 
512, 256, 256, 16, 1, 1, 16, 2, 1, 4, 8, 2, 4, 1, 0.438592 
512, 256, 256, 16, 1, 1, 16, 2, 1, 4, 8, 4, 4, 1, 0.590208 
512, 256, 256, 16, 1, 1, 16, 2, 1, 4, 8, 1, 4, 2, 0.393728 
512, 256, 256, 16, 1, 1, 16, 2, 1, 4, 8, 2, 4, 2, 0.595488 
512, 256, 256, 16, 1, 1, 16, 2, 1, 4, 8, 1, 4, 4, 0.557280 
512, 256, 256, 16, 1, 1, 16, 2, 1, 8, 4, 1, 2, 1, 0.371616 
512, 256, 256, 16, 1, 1, 16, 2, 1, 8, 4, 2, 2, 1, 0.381696 
512, 256, 256, 16, 1, 1, 16, 2, 1, 8, 4, 4, 2, 1, 0.468320 
512, 256, 256, 16, 1, 1, 16, 2, 1, 8, 4, 1, 2, 2, 0.361856 
512, 256, 256, 16, 1, 1, 16, 2, 1, 8, 4, 2, 2, 2, 0.424192 
512, 256, 256, 16, 1, 1, 16, 2, 1, 8, 4, 4, 2, 2, 0.591712 
512, 256, 256, 16, 1, 1, 16, 2, 1, 8, 4, 1, 2, 4, 0.388064 
512, 256, 256, 16, 1, 1, 16, 2, 1, 8, 4, 2, 2, 4, 0.584320 
512, 256, 256, 16, 1, 1, 16, 2, 1, 8, 4, 1, 2, 8, 0.556928 
512, 256, 256, 16, 1, 1, 16, 2, 1, 16, 2, 1, 1, 1, 0.486944 
512, 256, 256, 16, 1, 1, 16, 2, 1, 16, 2, 2, 1, 1, 0.483968 
512, 256, 256, 16, 1, 1, 16, 2, 1, 16, 2, 4, 1, 1, 0.503072 
512, 256, 256, 16, 1, 1, 16, 2, 1, 16, 2, 8, 1, 1, 0.613344 
512, 256, 256, 16, 1, 1, 16, 2, 1, 16, 2, 1, 1, 2, 0.373664 
512, 256, 256, 16, 1, 1, 16, 2, 1, 16, 2, 2, 1, 2, 0.373152 
512, 256, 256, 16, 1, 1, 16, 2, 1, 16, 2, 4, 1, 2, 0.476544 
512, 256, 256, 16, 1, 1, 16, 2, 1, 16, 2, 1, 1, 4, 0.359264 
512, 256, 256, 16, 1, 1, 16, 2, 1, 16, 2, 2, 1, 4, 0.433056 
512, 256, 256, 16, 1, 1, 16, 2, 1, 16, 2, 4, 1, 4, 0.579840 
512, 256, 256, 16, 1, 1, 16, 2, 1, 16, 2, 1, 1, 8, 0.384288 
512, 256, 256, 16, 1, 1, 16, 2, 1, 16, 2, 2, 1, 8, 0.597440 
512, 256, 256, 16, 1, 1, 16, 2, 1, 16, 2, 1, 1, 16, 0.559488 
512, 256, 256, 16, 1, 1, 16, 4, 1, 1, 32, 1, 16, 1, 0.445856 
512, 256, 256, 16, 1, 1, 16, 4, 1, 2, 16, 1, 8, 1, 0.345920 
512, 256, 256, 16, 1, 1, 16, 4, 1, 2, 16, 2, 8, 1, 0.408704 
512, 256, 256, 16, 1, 1, 16, 4, 1, 2, 16, 1, 8, 2, 0.443776 
512, 256, 256, 16, 1, 1, 16, 4, 1, 4, 8, 1, 4, 1, 0.336768 
512, 256, 256, 16, 1, 1, 16, 4, 1, 4, 8, 2, 4, 1, 0.370208 
512, 256, 256, 16, 1, 1, 16, 4, 1, 4, 8, 4, 4, 1, 0.429440 
512, 256, 256, 16, 1, 1, 16, 4, 1, 4, 8, 1, 4, 2, 0.345984 
512, 256, 256, 16, 1, 1, 16, 4, 1, 4, 8, 2, 4, 2, 0.412480 
512, 256, 256, 16, 1, 1, 16, 4, 1, 4, 8, 1, 4, 4, 0.444096 
512, 256, 256, 16, 1, 1, 16, 4, 1, 8, 4, 1, 2, 1, 0.344832 
512, 256, 256, 16, 1, 1, 16, 4, 1, 8, 4, 2, 2, 1, 0.361184 
512, 256, 256, 16, 1, 1, 16, 4, 1, 8, 4, 4, 2, 1, 0.400128 
512, 256, 256, 16, 1, 1, 16, 4, 1, 8, 4, 1, 2, 2, 0.332640 
512, 256, 256, 16, 1, 1, 16, 4, 1, 8, 4, 2, 2, 2, 0.369472 
512, 256, 256, 16, 1, 1, 16, 4, 1, 8, 4, 4, 2, 2, 0.431008 
512, 256, 256, 16, 1, 1, 16, 4, 1, 8, 4, 1, 2, 4, 0.339168 
512, 256, 256, 16, 1, 1, 16, 4, 1, 8, 4, 2, 2, 4, 0.408064 
512, 256, 256, 16, 1, 1, 16, 4, 1, 8, 4, 1, 2, 8, 0.444672 
512, 256, 256, 16, 1, 1, 16, 4, 1, 16, 2, 1, 1, 1, 0.397504 
512, 256, 256, 16, 1, 1, 16, 4, 1, 16, 2, 2, 1, 1, 0.396928 
512, 256, 256, 16, 1, 1, 16, 4, 1, 16, 2, 4, 1, 1, 0.413824 
512, 256, 256, 16, 1, 1, 16, 4, 1, 16, 2, 8, 1, 1, 0.446592 
512, 256, 256, 16, 1, 1, 16, 4, 1, 16, 2, 1, 1, 2, 0.341152 
512, 256, 256, 16, 1, 1, 16, 4, 1, 16, 2, 2, 1, 2, 0.361120 
512, 256, 256, 16, 1, 1, 16, 4, 1, 16, 2, 4, 1, 2, 0.399776 
512, 256, 256, 16, 1, 1, 16, 4, 1, 16, 2, 1, 1, 4, 0.333120 
512, 256, 256, 16, 1, 1, 16, 4, 1, 16, 2, 2, 1, 4, 0.370880 
512, 256, 256, 16, 1, 1, 16, 4, 1, 16, 2, 4, 1, 4, 0.432768 
512, 256, 256, 16, 1, 1, 16, 4, 1, 16, 2, 1, 1, 8, 0.340800 
512, 256, 256, 16, 1, 1, 16, 4, 1, 16, 2, 2, 1, 8, 0.412320 
512, 256, 256, 16, 1, 1, 16, 4, 1, 16, 2, 1, 1, 16, 0.445088 
512, 256, 256, 16, 1, 1, 16, 8, 1, 2, 16, 1, 8, 1, 0.555328 
512, 256, 256, 16, 1, 1, 16, 8, 1, 4, 8, 1, 4, 1, 0.353344 
512, 256, 256, 16, 1, 1, 16, 8, 1, 4, 8, 2, 4, 1, 0.541184 
512, 256, 256, 16, 1, 1, 16, 8, 1, 4, 8, 1, 4, 2, 0.556544 
512, 256, 256, 16, 1, 1, 16, 8, 1, 8, 4, 1, 2, 1, 0.337824 
512, 256, 256, 16, 1, 1, 16, 8, 1, 8, 4, 2, 2, 1, 0.343328 
512, 256, 256, 16, 1, 1, 16, 8, 1, 8, 4, 4, 2, 1, 0.473344 
512, 256, 256, 16, 1, 1, 16, 8, 1, 8, 4, 1, 2, 2, 0.359680 
512, 256, 256, 16, 1, 1, 16, 8, 1, 8, 4, 2, 2, 2, 0.538304 
512, 256, 256, 16, 1, 1, 16, 8, 1, 8, 4, 1, 2, 4, 0.556032 
512, 256, 256, 16, 1, 1, 16, 8, 1, 16, 2, 1, 1, 1, 0.477856 
512, 256, 256, 16, 1, 1, 16, 8, 1, 16, 2, 2, 1, 1, 0.510912 
512, 256, 256, 16, 1, 1, 16, 8, 1, 16, 2, 4, 1, 1, 0.511552 
512, 256, 256, 16, 1, 1, 16, 8, 1, 16, 2, 8, 1, 1, 0.686752 
512, 256, 256, 16, 1, 1, 16, 8, 1, 16, 2, 1, 1, 2, 0.343744 
512, 256, 256, 16, 1, 1, 16, 8, 1, 16, 2, 2, 1, 2, 0.343008 
512, 256, 256, 16, 1, 1, 16, 8, 1, 16, 2, 4, 1, 2, 0.476160 
512, 256, 256, 16, 1, 1, 16, 8, 1, 16, 2, 1, 1, 4, 0.359168 
512, 256, 256, 16, 1, 1, 16, 8, 1, 16, 2, 2, 1, 4, 0.538528 
512, 256, 256, 16, 1, 1, 16, 8, 1, 16, 2, 1, 1, 8, 0.554912 
512, 256, 256, 16, 1, 1, 32, 2, 1, 1, 32, 1, 8, 1, 0.383648 
512, 256, 256, 16, 1, 1, 32, 2, 1, 2, 16, 1, 4, 1, 0.357024 
512, 256, 256, 16, 1, 1, 32, 2, 1, 2, 16, 2, 4, 1, 0.403104 
512, 256, 256, 16, 1, 1, 32, 2, 1, 2, 16, 1, 4, 2, 0.385376 
512, 256, 256, 16, 1, 1, 32, 2, 1, 4, 8, 1, 2, 1, 0.692256 
512, 256, 256, 16, 1, 1, 32, 2, 1, 4, 8, 2, 2, 1, 0.710656 
512, 256, 256, 16, 1, 1, 32, 2, 1, 4, 8, 4, 2, 1, 0.705184 
512, 256, 256, 16, 1, 1, 32, 2, 1, 4, 8, 1, 2, 2, 0.355840 
512, 256, 256, 16, 1, 1, 32, 2, 1, 4, 8, 2, 2, 2, 0.401184 
512, 256, 256, 16, 1, 1, 32, 2, 1, 4, 8, 1, 2, 4, 0.385088 
512, 256, 256, 16, 1, 1, 32, 2, 1, 8, 4, 1, 1, 1, 0.668544 
512, 256, 256, 16, 1, 1, 32, 2, 1, 8, 4, 2, 1, 1, 0.712096 
512, 256, 256, 16, 1, 1, 32, 2, 1, 8, 4, 4, 1, 1, 0.837728 
512, 256, 256, 16, 1, 1, 32, 2, 1, 8, 4, 1, 1, 2, 0.661056 
512, 256, 256, 16, 1, 1, 32, 2, 1, 8, 4, 2, 1, 2, 0.712416 
512, 256, 256, 16, 1, 1, 32, 2, 1, 8, 4, 4, 1, 2, 0.742592 
512, 256, 256, 16, 1, 1, 32, 2, 1, 8, 4, 1, 1, 4, 0.359584 
512, 256, 256, 16, 1, 1, 32, 2, 1, 8, 4, 2, 1, 4, 0.400544 
512, 256, 256, 16, 1, 1, 32, 2, 1, 8, 4, 1, 1, 8, 0.380352 
512, 256, 256, 16, 1, 1, 32, 4, 1, 1, 32, 1, 8, 1, 0.477088 
512, 256, 256, 16, 1, 1, 32, 4, 1, 2, 16, 1, 4, 1, 0.364768 
512, 256, 256, 16, 1, 1, 32, 4, 1, 2, 16, 2, 4, 1, 0.494784 
512, 256, 256, 16, 1, 1, 32, 4, 1, 2, 16, 1, 4, 2, 0.478720 
512, 256, 256, 16, 1, 1, 32, 4, 1, 4, 8, 1, 2, 1, 0.671296 
512, 256, 256, 16, 1, 1, 32, 4, 1, 4, 8, 2, 2, 1, 0.717376 
512, 256, 256, 16, 1, 1, 32, 4, 1, 4, 8, 4, 2, 1, 0.830624 
512, 256, 256, 16, 1, 1, 32, 4, 1, 4, 8, 1, 2, 2, 0.367136 
512, 256, 256, 16, 1, 1, 32, 4, 1, 4, 8, 2, 2, 2, 0.492576 
512, 256, 256, 16, 1, 1, 32, 4, 1, 4, 8, 1, 2, 4, 0.478848 
512, 256, 256, 16, 1, 1, 32, 4, 1, 8, 4, 1, 1, 1, 0.804000 
512, 256, 256, 16, 1, 1, 32, 4, 1, 8, 4, 2, 1, 1, 0.766976 
512, 256, 256, 16, 1, 1, 32, 4, 1, 8, 4, 4, 1, 1, 0.842400 
512, 256, 256, 16, 1, 1, 32, 4, 1, 8, 4, 1, 1, 2, 0.671008 
512, 256, 256, 16, 1, 1, 32, 4, 1, 8, 4, 2, 1, 2, 0.711904 
512, 256, 256, 16, 1, 1, 32, 4, 1, 8, 4, 4, 1, 2, 0.823040 
512, 256, 256, 16, 1, 1, 32, 4, 1, 8, 4, 1, 1, 4, 0.368416 
512, 256, 256, 16, 1, 1, 32, 4, 1, 8, 4, 2, 1, 4, 0.494752 
512, 256, 256, 16, 1, 1, 32, 4, 1, 8, 4, 1, 1, 8, 0.475776 
512, 256, 256, 16, 1, 1, 64, 2, 1, 1, 32, 1, 4, 1, 0.456128 
512, 256, 256, 16, 1, 1, 64, 2, 1, 2, 16, 1, 2, 1, 0.717376 
512, 256, 256, 16, 1, 1, 64, 2, 1, 2, 16, 2, 2, 1, 0.725376 
512, 256, 256, 16, 1, 1, 64, 2, 1, 2, 16, 1, 2, 2, 0.456736 
512, 256, 256, 16, 1, 1, 64, 2, 1, 4, 8, 1, 1, 1, 0.741600 
512, 256, 256, 16, 1, 1, 64, 2, 1, 4, 8, 2, 1, 1, 0.759904 
512, 256, 256, 16, 1, 1, 64, 2, 1, 4, 8, 4, 1, 1, 0.787488 
512, 256, 256, 16, 1, 1, 64, 2, 1, 4, 8, 1, 1, 2, 0.719872 
512, 256, 256, 16, 1, 1, 64, 2, 1, 4, 8, 2, 1, 2, 0.743584 
512, 256, 256, 16, 1, 1, 64, 2, 1, 4, 8, 1, 1, 4, 0.457216 
512, 60, 60, 32, 1, 1, 1, 2, 1, 2, 16, 1, 30, 1, 0.313152 
512, 60, 60, 32, 1, 1, 1, 2, 1, 4, 8, 1, 15, 1, 0.197856 
512, 60, 60, 32, 1, 1, 1, 2, 1, 4, 8, 2, 15, 1, 0.324096 
512, 60, 60, 32, 1, 1, 1, 2, 1, 4, 8, 1, 15, 2, 0.312512 
512, 60, 60, 32, 1, 1, 1, 4, 1, 2, 16, 1, 30, 1, 0.188544 
512, 60, 60, 32, 1, 1, 1, 4, 1, 4, 8, 1, 15, 1, 0.108128 
512, 60, 60, 32, 1, 1, 1, 4, 1, 4, 8, 2, 15, 1, 0.183488 
512, 60, 60, 32, 1, 1, 1, 4, 1, 4, 8, 1, 15, 2, 0.185856 
512, 60, 60, 32, 1, 1, 1, 8, 1, 2, 16, 1, 30, 1, 0.131744 
512, 60, 60, 32, 1, 1, 1, 8, 1, 4, 8, 1, 15, 1, 0.096000 
512, 60, 60, 32, 1, 1, 1, 8, 1, 4, 8, 2, 15, 1, 0.117696 
512, 60, 60, 32, 1, 1, 1, 8, 1, 4, 8, 1, 15, 2, 0.132576 
512, 60, 60, 32, 1, 1, 1, 16, 1, 2, 16, 1, 30, 1, 0.207680 
512, 60, 60, 32, 1, 1, 1, 16, 1, 4, 8, 1, 15, 1, 0.132704 
512, 60, 60, 32, 1, 1, 1, 16, 1, 4, 8, 2, 15, 1, 0.003904 
512, 60, 60, 32, 1, 1, 1, 16, 1, 4, 8, 1, 15, 2, 0.209792 
512, 60, 60, 32, 1, 1, 1, 32, 1, 4, 8, 1, 15, 1, 0.289664 
512, 60, 60, 32, 1, 1, 1, 32, 1, 4, 8, 2, 15, 1, 0.005760 
512, 60, 60, 32, 1, 1, 2, 2, 1, 1, 32, 1, 30, 1, 0.179808 
512, 60, 60, 32, 1, 1, 2, 2, 1, 2, 16, 1, 15, 1, 0.106208 
512, 60, 60, 32, 1, 1, 2, 2, 1, 2, 16, 2, 15, 1, 0.170016 
512, 60, 60, 32, 1, 1, 2, 2, 1, 2, 16, 1, 15, 2, 0.181152 
512, 60, 60, 32, 1, 1, 2, 4, 1, 1, 32, 1, 30, 1, 0.110528 
512, 60, 60, 32, 1, 1, 2, 4, 1, 2, 16, 1, 15, 1, 0.085920 
512, 60, 60, 32, 1, 1, 2, 4, 1, 2, 16, 2, 15, 1, 0.103200 
512, 60, 60, 32, 1, 1, 2, 4, 1, 2, 16, 1, 15, 2, 0.112096 
512, 60, 60, 32, 1, 1, 2, 8, 1, 1, 32, 1, 30, 1, 0.006336 
512, 60, 60, 32, 1, 1, 2, 8, 1, 2, 16, 1, 15, 1, 0.090912 
512, 60, 60, 32, 1, 1, 2, 8, 1, 2, 16, 2, 15, 1, 0.005248 
512, 60, 60, 32, 1, 1, 2, 8, 1, 2, 16, 1, 15, 2, 0.003904 
512, 60, 60, 32, 1, 1, 2, 16, 1, 2, 16, 1, 15, 1, 0.145216 
512, 60, 60, 32, 1, 1, 2, 16, 1, 2, 16, 2, 15, 1, 0.004992 
512, 60, 60, 32, 1, 1, 3, 2, 1, 1, 32, 1, 20, 1, 0.162720 
512, 60, 60, 32, 1, 1, 3, 2, 1, 2, 16, 1, 10, 1, 0.083488 
512, 60, 60, 32, 1, 1, 3, 2, 1, 2, 16, 2, 10, 1, 0.088576 
512, 60, 60, 32, 1, 1, 3, 2, 1, 2, 16, 3, 10, 1, 0.122976 
512, 60, 60, 32, 1, 1, 3, 2, 1, 2, 16, 1, 10, 2, 0.163424 
512, 60, 60, 32, 1, 1, 3, 2, 1, 4, 8, 1, 5, 1, 0.081632 
512, 60, 60, 32, 1, 1, 3, 2, 1, 4, 8, 2, 5, 1, 0.080608 
512, 60, 60, 32, 1, 1, 3, 2, 1, 4, 8, 3, 5, 1, 0.101696 
512, 60, 60, 32, 1, 1, 3, 2, 1, 4, 8, 4, 5, 1, 0.093024 
512, 60, 60, 32, 1, 1, 3, 2, 1, 4, 8, 5, 5, 1, 0.156704 
512, 60, 60, 32, 1, 1, 3, 2, 1, 4, 8, 6, 5, 1, 0.135040 
512, 60, 60, 32, 1, 1, 3, 2, 1, 4, 8, 1, 5, 2, 0.082464 
512, 60, 60, 32, 1, 1, 3, 2, 1, 4, 8, 2, 5, 2, 0.090656 
512, 60, 60, 32, 1, 1, 3, 2, 1, 4, 8, 3, 5, 2, 0.124800 
512, 60, 60, 32, 1, 1, 3, 2, 1, 4, 8, 1, 5, 4, 0.161728 
512, 60, 60, 32, 1, 1, 3, 4, 1, 1, 32, 1, 20, 1, 0.100864 
512, 60, 60, 32, 1, 1, 3, 4, 1, 2, 16, 1, 10, 1, 0.065504 
512, 60, 60, 32, 1, 1, 3, 4, 1, 2, 16, 2, 10, 1, 0.095840 
512, 60, 60, 32, 1, 1, 3, 4, 1, 2, 16, 3, 10, 1, 0.075552 
512, 60, 60, 32, 1, 1, 3, 4, 1, 2, 16, 1, 10, 2, 0.101696 
512, 60, 60, 32, 1, 1, 3, 4, 1, 4, 8, 1, 5, 1, 0.060992 
512, 60, 60, 32, 1, 1, 3, 4, 1, 4, 8, 2, 5, 1, 0.058208 
512, 60, 60, 32, 1, 1, 3, 4, 1, 4, 8, 3, 5, 1, 0.059136 
512, 60, 60, 32, 1, 1, 3, 4, 1, 4, 8, 4, 5, 1, 0.066784 
512, 60, 60, 32, 1, 1, 3, 4, 1, 4, 8, 5, 5, 1, 0.099168 
512, 60, 60, 32, 1, 1, 3, 4, 1, 4, 8, 6, 5, 1, 0.068640 
512, 60, 60, 32, 1, 1, 3, 4, 1, 4, 8, 1, 5, 2, 0.062784 
512, 60, 60, 32, 1, 1, 3, 4, 1, 4, 8, 2, 5, 2, 0.092000 
512, 60, 60, 32, 1, 1, 3, 4, 1, 4, 8, 3, 5, 2, 0.073280 
512, 60, 60, 32, 1, 1, 3, 4, 1, 4, 8, 1, 5, 4, 0.102208 
512, 60, 60, 32, 1, 1, 3, 8, 1, 1, 32, 1, 20, 1, 0.095648 
512, 60, 60, 32, 1, 1, 3, 8, 1, 2, 16, 1, 10, 1, 0.066304 
512, 60, 60, 32, 1, 1, 3, 8, 1, 2, 16, 2, 10, 1, 0.078272 
512, 60, 60, 32, 1, 1, 3, 8, 1, 2, 16, 3, 10, 1, 0.003584 
512, 60, 60, 32, 1, 1, 3, 8, 1, 2, 16, 1, 10, 2, 0.097312 
512, 60, 60, 32, 1, 1, 3, 8, 1, 4, 8, 1, 5, 1, 0.065152 
512, 60, 60, 32, 1, 1, 3, 8, 1, 4, 8, 2, 5, 1, 0.062144 
512, 60, 60, 32, 1, 1, 3, 8, 1, 4, 8, 3, 5, 1, 0.063584 
512, 60, 60, 32, 1, 1, 3, 8, 1, 4, 8, 4, 5, 1, 0.074816 
512, 60, 60, 32, 1, 1, 3, 8, 1, 4, 8, 5, 5, 1, 0.086112 
512, 60, 60, 32, 1, 1, 3, 8, 1, 4, 8, 6, 5, 1, 0.004032 
512, 60, 60, 32, 1, 1, 3, 8, 1, 4, 8, 1, 5, 2, 0.063872 
512, 60, 60, 32, 1, 1, 3, 8, 1, 4, 8, 2, 5, 2, 0.077952 
512, 60, 60, 32, 1, 1, 3, 8, 1, 4, 8, 3, 5, 2, 0.004704 
512, 60, 60, 32, 1, 1, 3, 8, 1, 4, 8, 1, 5, 4, 0.095264 
512, 60, 60, 32, 1, 1, 3, 16, 1, 2, 16, 1, 10, 1, 0.089888 
512, 60, 60, 32, 1, 1, 3, 16, 1, 2, 16, 2, 10, 1, 0.105696 
512, 60, 60, 32, 1, 1, 3, 16, 1, 2, 16, 3, 10, 1, 0.005536 
512, 60, 60, 32, 1, 1, 3, 16, 1, 4, 8, 1, 5, 1, 0.052160 
512, 60, 60, 32, 1, 1, 3, 16, 1, 4, 8, 2, 5, 1, 0.079456 
512, 60, 60, 32, 1, 1, 3, 16, 1, 4, 8, 3, 5, 1, 0.053216 
512, 60, 60, 32, 1, 1, 3, 16, 1, 4, 8, 4, 5, 1, 0.006048 
512, 60, 60, 32, 1, 1, 3, 16, 1, 4, 8, 5, 5, 1, 0.006592 
512, 60, 60, 32, 1, 1, 3, 16, 1, 4, 8, 6, 5, 1, 0.004160 
512, 60, 60, 32, 1, 1, 3, 16, 1, 4, 8, 1, 5, 2, 0.091456 
512, 60, 60, 32, 1, 1, 3, 16, 1, 4, 8, 2, 5, 2, 0.105216 
512, 60, 60, 32, 1, 1, 3, 16, 1, 4, 8, 3, 5, 2, 0.005408 
512, 60, 60, 32, 1, 1, 3, 32, 1, 4, 8, 1, 5, 1, 0.126720 
512, 60, 60, 32, 1, 1, 3, 32, 1, 4, 8, 2, 5, 1, 0.132768 
512, 60, 60, 32, 1, 1, 3, 32, 1, 4, 8, 3, 5, 1, 0.174048 
512, 60, 60, 32, 1, 1, 3, 32, 1, 4, 8, 4, 5, 1, 0.004384 
512, 60, 60, 32, 1, 1, 4, 2, 1, 1, 32, 1, 15, 1, 0.087840 
512, 60, 60, 32, 1, 1, 4, 2, 1, 1, 32, 2, 15, 1, 0.098272 
512, 60, 60, 32, 1, 1, 4, 2, 1, 1, 32, 1, 15, 2, 0.111168 
512, 60, 60, 32, 1, 1, 4, 4, 1, 1, 32, 1, 15, 1, 0.089216 
512, 60, 60, 32, 1, 1, 4, 4, 1, 1, 32, 2, 15, 1, 0.004768 
512, 60, 60, 32, 1, 1, 4, 4, 1, 1, 32, 1, 15, 2, 0.097920 
512, 60, 60, 32, 1, 1, 4, 8, 1, 1, 32, 1, 15, 1, 0.080736 
512, 60, 60, 32, 1, 1, 4, 8, 1, 1, 32, 2, 15, 1, 0.005728 
512, 60, 60, 32, 1, 1, 5, 2, 1, 1, 32, 1, 12, 1, 0.084224 
512, 60, 60, 32, 1, 1, 5, 2, 1, 1, 32, 2, 12, 1, 0.093248 
512, 60, 60, 32, 1, 1, 5, 2, 1, 1, 32, 1, 12, 2, 0.105056 
512, 60, 60, 32, 1, 1, 5, 2, 1, 2, 16, 1, 6, 1, 0.060864 
512, 60, 60, 32, 1, 1, 5, 2, 1, 2, 16, 2, 6, 1, 0.058880 
512, 60, 60, 32, 1, 1, 5, 2, 1, 2, 16, 3, 6, 1, 0.066304 
512, 60, 60, 32, 1, 1, 5, 2, 1, 2, 16, 4, 6, 1, 0.093120 
512, 60, 60, 32, 1, 1, 5, 2, 1, 2, 16, 5, 6, 1, 0.102208 
512, 60, 60, 32, 1, 1, 5, 2, 1, 2, 16, 1, 6, 2, 0.084736 
512, 60, 60, 32, 1, 1, 5, 2, 1, 2, 16, 2, 6, 2, 0.095680 
512, 60, 60, 32, 1, 1, 5, 2, 1, 2, 16, 1, 6, 4, 0.104256 
512, 60, 60, 32, 1, 1, 5, 2, 1, 4, 8, 1, 3, 1, 0.063776 
512, 60, 60, 32, 1, 1, 5, 2, 1, 4, 8, 2, 3, 1, 0.059776 
512, 60, 60, 32, 1, 1, 5, 2, 1, 4, 8, 3, 3, 1, 0.061568 
512, 60, 60, 32, 1, 1, 5, 2, 1, 4, 8, 4, 3, 1, 0.059424 
512, 60, 60, 32, 1, 1, 5, 2, 1, 4, 8, 5, 3, 1, 0.090560 
512, 60, 60, 32, 1, 1, 5, 2, 1, 4, 8, 6, 3, 1, 0.065568 
512, 60, 60, 32, 1, 1, 5, 2, 1, 4, 8, 10, 3, 1, 0.097024 
512, 60, 60, 32, 1, 1, 5, 2, 1, 4, 8, 1, 3, 2, 0.059968 
512, 60, 60, 32, 1, 1, 5, 2, 1, 4, 8, 2, 3, 2, 0.058560 
512, 60, 60, 32, 1, 1, 5, 2, 1, 4, 8, 3, 3, 2, 0.064032 
512, 60, 60, 32, 1, 1, 5, 2, 1, 4, 8, 4, 3, 2, 0.092384 
512, 60, 60, 32, 1, 1, 5, 2, 1, 4, 8, 5, 3, 2, 0.103680 
512, 60, 60, 32, 1, 1, 5, 2, 1, 4, 8, 1, 3, 4, 0.083264 
512, 60, 60, 32, 1, 1, 5, 2, 1, 4, 8, 2, 3, 4, 0.097248 
512, 60, 60, 32, 1, 1, 5, 2, 1, 4, 8, 1, 3, 8, 0.104672 
512, 60, 60, 32, 1, 1, 5, 4, 1, 1, 32, 1, 12, 1, 0.066208 
512, 60, 60, 32, 1, 1, 5, 4, 1, 1, 32, 2, 12, 1, 0.080576 
512, 60, 60, 32, 1, 1, 5, 4, 1, 1, 32, 1, 12, 2, 0.089952 
512, 60, 60, 32, 1, 1, 5, 4, 1, 2, 16, 1, 6, 1, 0.062752 
512, 60, 60, 32, 1, 1, 5, 4, 1, 2, 16, 2, 6, 1, 0.059008 
512, 60, 60, 32, 1, 1, 5, 4, 1, 2, 16, 3, 6, 1, 0.068064 
512, 60, 60, 32, 1, 1, 5, 4, 1, 2, 16, 4, 6, 1, 0.076896 
512, 60, 60, 32, 1, 1, 5, 4, 1, 2, 16, 5, 6, 1, 0.085248 
512, 60, 60, 32, 1, 1, 5, 4, 1, 2, 16, 1, 6, 2, 0.069184 
512, 60, 60, 32, 1, 1, 5, 4, 1, 2, 16, 2, 6, 2, 0.079520 
512, 60, 60, 32, 1, 1, 5, 4, 1, 2, 16, 1, 6, 4, 0.090112 
512, 60, 60, 32, 1, 1, 5, 4, 1, 4, 8, 1, 3, 1, 0.042048 
512, 60, 60, 32, 1, 1, 5, 4, 1, 4, 8, 2, 3, 1, 0.038592 
512, 60, 60, 32, 1, 1, 5, 4, 1, 4, 8, 3, 3, 1, 0.043264 
512, 60, 60, 32, 1, 1, 5, 4, 1, 4, 8, 4, 3, 1, 0.039776 
512, 60, 60, 32, 1, 1, 5, 4, 1, 4, 8, 5, 3, 1, 0.066304 
512, 60, 60, 32, 1, 1, 5, 4, 1, 4, 8, 6, 3, 1, 0.041824 
512, 60, 60, 32, 1, 1, 5, 4, 1, 4, 8, 10, 3, 1, 0.080512 
512, 60, 60, 32, 1, 1, 5, 4, 1, 4, 8, 1, 3, 2, 0.063776 
512, 60, 60, 32, 1, 1, 5, 4, 1, 4, 8, 2, 3, 2, 0.061728 
512, 60, 60, 32, 1, 1, 5, 4, 1, 4, 8, 3, 3, 2, 0.066528 
512, 60, 60, 32, 1, 1, 5, 4, 1, 4, 8, 4, 3, 2, 0.076032 
512, 60, 60, 32, 1, 1, 5, 4, 1, 4, 8, 5, 3, 2, 0.088224 
512, 60, 60, 32, 1, 1, 5, 4, 1, 4, 8, 1, 3, 4, 0.066080 
512, 60, 60, 32, 1, 1, 5, 4, 1, 4, 8, 2, 3, 4, 0.079488 
512, 60, 60, 32, 1, 1, 5, 4, 1, 4, 8, 1, 3, 8, 0.089344 
512, 60, 60, 32, 1, 1, 5, 8, 1, 1, 32, 1, 12, 1, 0.081152 
512, 60, 60, 32, 1, 1, 5, 8, 1, 1, 32, 2, 12, 1, 0.004032 
512, 60, 60, 32, 1, 1, 5, 8, 1, 2, 16, 1, 6, 1, 0.046144 
512, 60, 60, 32, 1, 1, 5, 8, 1, 2, 16, 2, 6, 1, 0.068416 
512, 60, 60, 32, 1, 1, 5, 8, 1, 2, 16, 3, 6, 1, 0.048416 
512, 60, 60, 32, 1, 1, 5, 8, 1, 2, 16, 4, 6, 1, 0.004672 
512, 60, 60, 32, 1, 1, 5, 8, 1, 2, 16, 5, 6, 1, 0.003936 
512, 60, 60, 32, 1, 1, 5, 8, 1, 2, 16, 1, 6, 2, 0.080480 
512, 60, 60, 32, 1, 1, 5, 8, 1, 2, 16, 2, 6, 2, 0.004320 
512, 60, 60, 32, 1, 1, 5, 8, 1, 4, 8, 1, 3, 1, 0.040672 
512, 60, 60, 32, 1, 1, 5, 8, 1, 4, 8, 2, 3, 1, 0.038560 
512, 60, 60, 32, 1, 1, 5, 8, 1, 4, 8, 3, 3, 1, 0.042560 
512, 60, 60, 32, 1, 1, 5, 8, 1, 4, 8, 4, 3, 1, 0.065120 
512, 60, 60, 32, 1, 1, 5, 8, 1, 4, 8, 5, 3, 1, 0.071040 
512, 60, 60, 32, 1, 1, 5, 8, 1, 4, 8, 6, 3, 1, 0.041632 
512, 60, 60, 32, 1, 1, 5, 8, 1, 4, 8, 10, 3, 1, 0.005024 
512, 60, 60, 32, 1, 1, 5, 8, 1, 4, 8, 1, 3, 2, 0.043584 
512, 60, 60, 32, 1, 1, 5, 8, 1, 4, 8, 2, 3, 2, 0.065952 
512, 60, 60, 32, 1, 1, 5, 8, 1, 4, 8, 3, 3, 2, 0.048864 
512, 60, 60, 32, 1, 1, 5, 8, 1, 4, 8, 4, 3, 2, 0.004544 
512, 60, 60, 32, 1, 1, 5, 8, 1, 4, 8, 5, 3, 2, 0.004352 
512, 60, 60, 32, 1, 1, 5, 8, 1, 4, 8, 1, 3, 4, 0.077344 
512, 60, 60, 32, 1, 1, 5, 8, 1, 4, 8, 2, 3, 4, 0.005248 
512, 60, 60, 32, 1, 1, 5, 16, 1, 2, 16, 1, 6, 1, 0.089248 
512, 60, 60, 32, 1, 1, 5, 16, 1, 2, 16, 2, 6, 1, 0.090400 
512, 60, 60, 32, 1, 1, 5, 16, 1, 2, 16, 3, 6, 1, 0.005312 
512, 60, 60, 32, 1, 1, 5, 16, 1, 4, 8, 1, 3, 1, 0.048608 
512, 60, 60, 32, 1, 1, 5, 16, 1, 4, 8, 2, 3, 1, 0.046304 
512, 60, 60, 32, 1, 1, 5, 16, 1, 4, 8, 3, 3, 1, 0.048736 
512, 60, 60, 32, 1, 1, 5, 16, 1, 4, 8, 4, 3, 1, 0.051648 
512, 60, 60, 32, 1, 1, 5, 16, 1, 4, 8, 5, 3, 1, 0.059104 
512, 60, 60, 32, 1, 1, 5, 16, 1, 4, 8, 6, 3, 1, 0.005024 
512, 60, 60, 32, 1, 1, 5, 16, 1, 4, 8, 1, 3, 2, 0.089152 
512, 60, 60, 32, 1, 1, 5, 16, 1, 4, 8, 2, 3, 2, 0.093312 
512, 60, 60, 32, 1, 1, 5, 16, 1, 4, 8, 3, 3, 2, 0.004128 
512, 60, 60, 32, 1, 1, 5, 32, 1, 4, 8, 1, 3, 1, 0.137408 
512, 60, 60, 32, 1, 1, 5, 32, 1, 4, 8, 2, 3, 1, 0.142112 
512, 60, 60, 32, 1, 1, 5, 32, 1, 4, 8, 3, 3, 1, 0.167488 
512, 60, 60, 32, 1, 1, 5, 32, 1, 4, 8, 4, 3, 1, 0.194176 
512, 60, 60, 32, 1, 1, 6, 2, 1, 1, 32, 1, 10, 1, 0.065120 
512, 60, 60, 32, 1, 1, 6, 2, 1, 1, 32, 2, 10, 1, 0.089984 
512, 60, 60, 32, 1, 1, 6, 2, 1, 1, 32, 3, 10, 1, 0.069504 
512, 60, 60, 32, 1, 1, 6, 2, 1, 1, 32, 1, 10, 2, 0.098976 
512, 60, 60, 32, 1, 1, 6, 2, 1, 2, 16, 1, 5, 1, 0.061696 
512, 60, 60, 32, 1, 1, 6, 2, 1, 2, 16, 2, 5, 1, 0.058048 
512, 60, 60, 32, 1, 1, 6, 2, 1, 2, 16, 3, 5, 1, 0.059072 
512, 60, 60, 32, 1, 1, 6, 2, 1, 2, 16, 4, 5, 1, 0.069056 
512, 60, 60, 32, 1, 1, 6, 2, 1, 2, 16, 5, 5, 1, 0.096320 
512, 60, 60, 32, 1, 1, 6, 2, 1, 2, 16, 6, 5, 1, 0.069568 
512, 60, 60, 32, 1, 1, 6, 2, 1, 2, 16, 1, 5, 2, 0.065376 
512, 60, 60, 32, 1, 1, 6, 2, 1, 2, 16, 2, 5, 2, 0.094368 
512, 60, 60, 32, 1, 1, 6, 2, 1, 2, 16, 3, 5, 2, 0.070208 
512, 60, 60, 32, 1, 1, 6, 2, 1, 2, 16, 1, 5, 4, 0.097920 
512, 60, 60, 32, 1, 1, 6, 4, 1, 1, 32, 1, 10, 1, 0.065024 
512, 60, 60, 32, 1, 1, 6, 4, 1, 1, 32, 2, 10, 1, 0.075904 
512, 60, 60, 32, 1, 1, 6, 4, 1, 1, 32, 3, 10, 1, 0.004704 
512, 60, 60, 32, 1, 1, 6, 4, 1, 1, 32, 1, 10, 2, 0.085376 
512, 60, 60, 32, 1, 1, 6, 4, 1, 2, 16, 1, 5, 1, 0.061216 
512, 60, 60, 32, 1, 1, 6, 4, 1, 2, 16, 2, 5, 1, 0.060544 
512, 60, 60, 32, 1, 1, 6, 4, 1, 2, 16, 3, 5, 1, 0.060576 
512, 60, 60, 32, 1, 1, 6, 4, 1, 2, 16, 4, 5, 1, 0.071072 
512, 60, 60, 32, 1, 1, 6, 4, 1, 2, 16, 5, 5, 1, 0.079456 
512, 60, 60, 32, 1, 1, 6, 4, 1, 2, 16, 6, 5, 1, 0.004800 
512, 60, 60, 32, 1, 1, 6, 4, 1, 2, 16, 1, 5, 2, 0.068864 
512, 60, 60, 32, 1, 1, 6, 4, 1, 2, 16, 2, 5, 2, 0.075840 
512, 60, 60, 32, 1, 1, 6, 4, 1, 2, 16, 3, 5, 2, 0.005600 
512, 60, 60, 32, 1, 1, 6, 4, 1, 2, 16, 1, 5, 4, 0.085088 
512, 60, 60, 32, 1, 1, 6, 8, 1, 1, 32, 1, 10, 1, 0.081792 
512, 60, 60, 32, 1, 1, 6, 8, 1, 1, 32, 2, 10, 1, 0.005024 
512, 60, 60, 32, 1, 1, 6, 8, 1, 1, 32, 3, 10, 1, 0.004576 
512, 60, 60, 32, 1, 1, 6, 8, 1, 2, 16, 1, 5, 1, 0.045376 
512, 60, 60, 32, 1, 1, 6, 8, 1, 2, 16, 2, 5, 1, 0.069696 
512, 60, 60, 32, 1, 1, 6, 8, 1, 2, 16, 3, 5, 1, 0.042912 
512, 60, 60, 32, 1, 1, 6, 8, 1, 2, 16, 4, 5, 1, 0.020992 
512, 60, 60, 32, 1, 1, 6, 8, 1, 2, 16, 5, 5, 1, 0.003840 
512, 60, 60, 32, 1, 1, 6, 8, 1, 2, 16, 6, 5, 1, 0.005888 
512, 60, 60, 32, 1, 1, 6, 8, 1, 2, 16, 1, 5, 2, 0.084192 
512, 60, 60, 32, 1, 1, 6, 8, 1, 2, 16, 2, 5, 2, 0.004608 
512, 60, 60, 32, 1, 1, 6, 8, 1, 2, 16, 3, 5, 2, 0.006048 
512, 60, 60, 32, 1, 1, 6, 16, 1, 2, 16, 1, 5, 1, 0.089632 
512, 60, 60, 32, 1, 1, 6, 16, 1, 2, 16, 2, 5, 1, 0.097088 
512, 60, 60, 32, 1, 1, 6, 16, 1, 2, 16, 3, 5, 1, 0.104640 
512, 60, 60, 32, 1, 1, 10, 2, 1, 1, 32, 1, 6, 1, 0.063296 
512, 60, 60, 32, 1, 1, 10, 2, 1, 1, 32, 2, 6, 1, 0.059424 
512, 60, 60, 32, 1, 1, 10, 2, 1, 1, 32, 3, 6, 1, 0.067520 
512, 60, 60, 32, 1, 1, 10, 2, 1, 1, 32, 4, 6, 1, 0.075936 
512, 60, 60, 32, 1, 1, 10, 2, 1, 1, 32, 5, 6, 1, 0.085984 
512, 60, 60, 32, 1, 1, 10, 2, 1, 1, 32, 1, 6, 2, 0.065152 
512, 60, 60, 32, 1, 1, 10, 2, 1, 1, 32, 2, 6, 2, 0.074080 
512, 60, 60, 32, 1, 1, 10, 2, 1, 1, 32, 1, 6, 4, 0.086848 
512, 60, 60, 32, 1, 1, 10, 2, 1, 2, 16, 1, 3, 1, 0.042432 
512, 60, 60, 32, 1, 1, 10, 2, 1, 2, 16, 2, 3, 1, 0.039264 
512, 60, 60, 32, 1, 1, 10, 2, 1, 2, 16, 3, 3, 1, 0.041408 
512, 60, 60, 32, 1, 1, 10, 2, 1, 2, 16, 4, 3, 1, 0.039968 
512, 60, 60, 32, 1, 1, 10, 2, 1, 2, 16, 5, 3, 1, 0.067680 
512, 60, 60, 32, 1, 1, 10, 2, 1, 2, 16, 6, 3, 1, 0.042880 
512, 60, 60, 32, 1, 1, 10, 2, 1, 2, 16, 10, 3, 1, 0.077504 
512, 60, 60, 32, 1, 1, 10, 2, 1, 2, 16, 1, 3, 2, 0.063520 
512, 60, 60, 32, 1, 1, 10, 2, 1, 2, 16, 2, 3, 2, 0.060704 
512, 60, 60, 32, 1, 1, 10, 2, 1, 2, 16, 3, 3, 2, 0.067584 
512, 60, 60, 32, 1, 1, 10, 2, 1, 2, 16, 4, 3, 2, 0.074848 
512, 60, 60, 32, 1, 1, 10, 2, 1, 2, 16, 5, 3, 2, 0.086016 
512, 60, 60, 32, 1, 1, 10, 2, 1, 2, 16, 1, 3, 4, 0.065088 
512, 60, 60, 32, 1, 1, 10, 2, 1, 2, 16, 2, 3, 4, 0.077824 
512, 60, 60, 32, 1, 1, 10, 2, 1, 2, 16, 1, 3, 8, 0.089696 
512, 60, 60, 32, 1, 1, 10, 4, 1, 1, 32, 1, 6, 1, 0.067648 
512, 60, 60, 32, 1, 1, 10, 4, 1, 1, 32, 2, 6, 1, 0.069376 
512, 60, 60, 32, 1, 1, 10, 4, 1, 1, 32, 3, 6, 1, 0.005856 
512, 60, 60, 32, 1, 1, 10, 4, 1, 1, 32, 4, 6, 1, 0.005376 
512, 60, 60, 32, 1, 1, 10, 4, 1, 1, 32, 5, 6, 1, 0.004192 
512, 60, 60, 32, 1, 1, 10, 4, 1, 1, 32, 1, 6, 2, 0.073088 
512, 60, 60, 32, 1, 1, 10, 4, 1, 1, 32, 2, 6, 2, 0.004256 
512, 60, 60, 32, 1, 1, 10, 4, 1, 2, 16, 1, 3, 1, 0.042080 
512, 60, 60, 32, 1, 1, 10, 4, 1, 2, 16, 2, 3, 1, 0.038080 
512, 60, 60, 32, 1, 1, 10, 4, 1, 2, 16, 3, 3, 1, 0.040736 
512, 60, 60, 32, 1, 1, 10, 4, 1, 2, 16, 4, 3, 1, 0.064096 
512, 60, 60, 32, 1, 1, 10, 4, 1, 2, 16, 5, 3, 1, 0.075008 
512, 60, 60, 32, 1, 1, 10, 4, 1, 2, 16, 6, 3, 1, 0.049760 
512, 60, 60, 32, 1, 1, 10, 4, 1, 2, 16, 10, 3, 1, 0.006304 
512, 60, 60, 32, 1, 1, 10, 4, 1, 2, 16, 1, 3, 2, 0.067776 
512, 60, 60, 32, 1, 1, 10, 4, 1, 2, 16, 2, 3, 2, 0.068800 
512, 60, 60, 32, 1, 1, 10, 4, 1, 2, 16, 3, 3, 2, 0.006144 
512, 60, 60, 32, 1, 1, 10, 4, 1, 2, 16, 4, 3, 2, 0.005120 
512, 60, 60, 32, 1, 1, 10, 4, 1, 2, 16, 5, 3, 2, 0.005280 
512, 60, 60, 32, 1, 1, 10, 4, 1, 2, 16, 1, 3, 4, 0.073664 
512, 60, 60, 32, 1, 1, 10, 4, 1, 2, 16, 2, 3, 4, 0.004192 
512, 60, 60, 32, 1, 1, 10, 8, 1, 1, 32, 1, 6, 1, 0.053056 
512, 60, 60, 32, 1, 1, 10, 8, 1, 1, 32, 2, 6, 1, 0.052320 
512, 60, 60, 32, 1, 1, 10, 8, 1, 1, 32, 3, 6, 1, 0.005248 
512, 60, 60, 32, 1, 1, 10, 8, 1, 2, 16, 1, 3, 1, 0.045376 
512, 60, 60, 32, 1, 1, 10, 8, 1, 2, 16, 2, 3, 1, 0.041504 
512, 60, 60, 32, 1, 1, 10, 8, 1, 2, 16, 3, 3, 1, 0.044352 
512, 60, 60, 32, 1, 1, 10, 8, 1, 2, 16, 4, 3, 1, 0.046656 
512, 60, 60, 32, 1, 1, 10, 8, 1, 2, 16, 5, 3, 1, 0.051264 
512, 60, 60, 32, 1, 1, 10, 8, 1, 2, 16, 6, 3, 1, 0.004672 
512, 60, 60, 32, 1, 1, 10, 8, 1, 2, 16, 1, 3, 2, 0.048864 
512, 60, 60, 32, 1, 1, 10, 8, 1, 2, 16, 2, 3, 2, 0.053504 
512, 60, 60, 32, 1, 1, 10, 8, 1, 2, 16, 3, 3, 2, 0.006144 
512, 60, 60, 32, 1, 1, 10, 16, 1, 2, 16, 1, 3, 1, 0.113856 
512, 60, 60, 32, 1, 1, 10, 16, 1, 2, 16, 2, 3, 1, 0.115808 
512, 60, 60, 32, 1, 1, 10, 16, 1, 2, 16, 3, 3, 1, 0.004672 
512, 60, 60, 32, 1, 1, 12, 2, 1, 1, 32, 1, 5, 1, 0.065248 
512, 60, 60, 32, 1, 1, 12, 2, 1, 1, 32, 2, 5, 1, 0.060928 
512, 60, 60, 32, 1, 1, 12, 2, 1, 1, 32, 3, 5, 1, 0.062016 
512, 60, 60, 32, 1, 1, 12, 2, 1, 1, 32, 4, 5, 1, 0.073120 
512, 60, 60, 32, 1, 1, 12, 2, 1, 1, 32, 5, 5, 1, 0.084800 
512, 60, 60, 32, 1, 1, 12, 2, 1, 1, 32, 1, 5, 2, 0.066976 
512, 60, 60, 32, 1, 1, 12, 2, 1, 1, 32, 2, 5, 2, 0.074144 
512, 60, 60, 32, 1, 1, 12, 2, 1, 1, 32, 3, 5, 2, 0.005088 
512, 60, 60, 32, 1, 1, 12, 2, 1, 1, 32, 1, 5, 4, 0.085504 
512, 60, 60, 32, 1, 1, 12, 4, 1, 1, 32, 1, 5, 1, 0.043712 
512, 60, 60, 32, 1, 1, 12, 4, 1, 1, 32, 2, 5, 1, 0.066240 
512, 60, 60, 32, 1, 1, 12, 4, 1, 1, 32, 3, 5, 1, 0.046656 
512, 60, 60, 32, 1, 1, 12, 4, 1, 1, 32, 4, 5, 1, 0.005472 
512, 60, 60, 32, 1, 1, 12, 4, 1, 1, 32, 5, 5, 1, 0.004032 
512, 60, 60, 32, 1, 1, 12, 4, 1, 1, 32, 1, 5, 2, 0.047360 
512, 60, 60, 32, 1, 1, 12, 4, 1, 1, 32, 2, 5, 2, 0.050016 
512, 60, 60, 32, 1, 1, 12, 8, 1, 1, 32, 1, 5, 1, 0.056608 
512, 60, 60, 32, 1, 1, 12, 8, 1, 1, 32, 2, 5, 1, 0.057408 
512, 60, 60, 32, 1, 1, 12, 8, 1, 1, 32, 3, 5, 1, 0.061056 
512, 60, 60, 32, 1, 1, 15, 2, 1, 1, 32, 1, 4, 1, 0.042240 
512, 60, 60, 32, 1, 1, 15, 2, 1, 1, 32, 2, 4, 1, 0.040448 
512, 60, 60, 32, 1, 1, 15, 2, 1, 1, 32, 3, 4, 1, 0.042528 
512, 60, 60, 32, 1, 1, 15, 2, 1, 1, 32, 4, 4, 1, 0.075584 
512, 60, 60, 32, 1, 1, 15, 2, 1, 1, 32, 5, 4, 1, 0.075136 
512, 60, 60, 32, 1, 1, 15, 2, 1, 1, 32, 1, 4, 2, 0.065536 
512, 60, 60, 32, 1, 1, 15, 2, 1, 1, 32, 2, 4, 2, 0.071264 
512, 60, 60, 32, 1, 1, 15, 2, 1, 1, 32, 3, 4, 2, 0.003840 
512, 60, 60, 32, 1, 1, 15, 2, 1, 1, 32, 1, 4, 4, 0.080928 
512, 60, 60, 32, 1, 1, 15, 2, 1, 2, 16, 1, 2, 1, 0.045984 
512, 60, 60, 32, 1, 1, 15, 2, 1, 2, 16, 2, 2, 1, 0.040192 
512, 60, 60, 32, 1, 1, 15, 2, 1, 2, 16, 3, 2, 1, 0.041568 
512, 60, 60, 32, 1, 1, 15, 2, 1, 2, 16, 4, 2, 1, 0.040864 
512, 60, 60, 32, 1, 1, 15, 2, 1, 2, 16, 5, 2, 1, 0.070720 
512, 60, 60, 32, 1, 1, 15, 2, 1, 2, 16, 6, 2, 1, 0.040448 
512, 60, 60, 32, 1, 1, 15, 2, 1, 2, 16, 10, 2, 1, 0.076928 
512, 60, 60, 32, 1, 1, 15, 2, 1, 2, 16, 1, 2, 2, 0.042368 
512, 60, 60, 32, 1, 1, 15, 2, 1, 2, 16, 2, 2, 2, 0.041120 
512, 60, 60, 32, 1, 1, 15, 2, 1, 2, 16, 3, 2, 2, 0.040800 
512, 60, 60, 32, 1, 1, 15, 2, 1, 2, 16, 4, 2, 2, 0.075104 
512, 60, 60, 32, 1, 1, 15, 2, 1, 2, 16, 5, 2, 2, 0.075584 
512, 60, 60, 32, 1, 1, 15, 2, 1, 2, 16, 1, 2, 4, 0.064416 
512, 60, 60, 32, 1, 1, 15, 2, 1, 2, 16, 2, 2, 4, 0.071360 
512, 60, 60, 32, 1, 1, 15, 2, 1, 2, 16, 3, 2, 4, 0.003904 
512, 60, 60, 32, 1, 1, 15, 2, 1, 2, 16, 1, 2, 8, 0.082848 
512, 60, 60, 32, 1, 1, 15, 2, 1, 4, 8, 1, 1, 1, 0.046016 
512, 60, 60, 32, 1, 1, 15, 2, 1, 4, 8, 2, 1, 1, 0.045632 
512, 60, 60, 32, 1, 1, 15, 2, 1, 4, 8, 3, 1, 1, 0.044288 
512, 60, 60, 32, 1, 1, 15, 2, 1, 4, 8, 4, 1, 1, 0.041440 
512, 60, 60, 32, 1, 1, 15, 2, 1, 4, 8, 5, 1, 1, 0.045184 
512, 60, 60, 32, 1, 1, 15, 2, 1, 4, 8, 6, 1, 1, 0.042112 
512, 60, 60, 32, 1, 1, 15, 2, 1, 4, 8, 10, 1, 1, 0.076128 
512, 60, 60, 32, 1, 1, 15, 2, 1, 4, 8, 12, 1, 1, 0.046752 
512, 60, 60, 32, 1, 1, 15, 2, 1, 4, 8, 15, 1, 1, 0.076096 
512, 60, 60, 32, 1, 1, 15, 2, 1, 4, 8, 20, 1, 1, 0.086528 
512, 60, 60, 32, 1, 1, 15, 2, 1, 4, 8, 1, 1, 2, 0.044832 
512, 60, 60, 32, 1, 1, 15, 2, 1, 4, 8, 2, 1, 2, 0.040864 
512, 60, 60, 32, 1, 1, 15, 2, 1, 4, 8, 3, 1, 2, 0.041664 
512, 60, 60, 32, 1, 1, 15, 2, 1, 4, 8, 4, 1, 2, 0.040672 
512, 60, 60, 32, 1, 1, 15, 2, 1, 4, 8, 5, 1, 2, 0.068736 
512, 60, 60, 32, 1, 1, 15, 2, 1, 4, 8, 6, 1, 2, 0.040608 
512, 60, 60, 32, 1, 1, 15, 2, 1, 4, 8, 10, 1, 2, 0.075968 
512, 60, 60, 32, 1, 1, 15, 2, 1, 4, 8, 1, 1, 4, 0.041760 
512, 60, 60, 32, 1, 1, 15, 2, 1, 4, 8, 2, 1, 4, 0.040576 
512, 60, 60, 32, 1, 1, 15, 2, 1, 4, 8, 3, 1, 4, 0.041440 
512, 60, 60, 32, 1, 1, 15, 2, 1, 4, 8, 4, 1, 4, 0.077696 
512, 60, 60, 32, 1, 1, 15, 2, 1, 4, 8, 5, 1, 4, 0.075360 
512, 60, 60, 32, 1, 1, 15, 2, 1, 4, 8, 1, 1, 8, 0.065760 
512, 60, 60, 32, 1, 1, 15, 2, 1, 4, 8, 2, 1, 8, 0.069504 
512, 60, 60, 32, 1, 1, 15, 2, 1, 4, 8, 3, 1, 8, 0.003584 
512, 60, 60, 32, 1, 1, 15, 2, 1, 4, 8, 1, 1, 16, 0.079424 
512, 60, 60, 32, 1, 1, 15, 4, 1, 1, 32, 1, 4, 1, 0.045888 
512, 60, 60, 32, 1, 1, 15, 4, 1, 1, 32, 2, 4, 1, 0.043936 
512, 60, 60, 32, 1, 1, 15, 4, 1, 1, 32, 3, 4, 1, 0.044192 
512, 60, 60, 32, 1, 1, 15, 4, 1, 1, 32, 4, 4, 1, 0.055680 
512, 60, 60, 32, 1, 1, 15, 4, 1, 1, 32, 5, 4, 1, 0.004224 
512, 60, 60, 32, 1, 1, 15, 4, 1, 1, 32, 1, 4, 2, 0.046880 
512, 60, 60, 32, 1, 1, 15, 4, 1, 1, 32, 2, 4, 2, 0.052864 
512, 60, 60, 32, 1, 1, 15, 4, 1, 2, 16, 1, 2, 1, 0.042624 
512, 60, 60, 32, 1, 1, 15, 4, 1, 2, 16, 2, 2, 1, 0.040096 
512, 60, 60, 32, 1, 1, 15, 4, 1, 2, 16, 3, 2, 1, 0.041504 
512, 60, 60, 32, 1, 1, 15, 4, 1, 2, 16, 4, 2, 1, 0.043072 
512, 60, 60, 32, 1, 1, 15, 4, 1, 2, 16, 5, 2, 1, 0.075232 
512, 60, 60, 32, 1, 1, 15, 4, 1, 2, 16, 6, 2, 1, 0.040576 
512, 60, 60, 32, 1, 1, 15, 4, 1, 2, 16, 10, 2, 1, 0.005408 
512, 60, 60, 32, 1, 1, 15, 4, 1, 2, 16, 1, 2, 2, 0.043872 
512, 60, 60, 32, 1, 1, 15, 4, 1, 2, 16, 2, 2, 2, 0.043808 
512, 60, 60, 32, 1, 1, 15, 4, 1, 2, 16, 3, 2, 2, 0.044480 
512, 60, 60, 32, 1, 1, 15, 4, 1, 2, 16, 4, 2, 2, 0.054432 
512, 60, 60, 32, 1, 1, 15, 4, 1, 2, 16, 5, 2, 2, 0.004128 
512, 60, 60, 32, 1, 1, 15, 4, 1, 2, 16, 1, 2, 4, 0.046912 
512, 60, 60, 32, 1, 1, 15, 4, 1, 2, 16, 2, 2, 4, 0.053152 
512, 60, 60, 32, 1, 1, 15, 4, 1, 4, 8, 1, 1, 1, 0.043584 
512, 60, 60, 32, 1, 1, 15, 4, 1, 4, 8, 2, 1, 1, 0.038848 
512, 60, 60, 32, 1, 1, 15, 4, 1, 4, 8, 3, 1, 1, 0.042080 
512, 60, 60, 32, 1, 1, 15, 4, 1, 4, 8, 4, 1, 1, 0.039616 
512, 60, 60, 32, 1, 1, 15, 4, 1, 4, 8, 5, 1, 1, 0.043424 
512, 60, 60, 32, 1, 1, 15, 4, 1, 4, 8, 6, 1, 1, 0.041952 
512, 60, 60, 32, 1, 1, 15, 4, 1, 4, 8, 10, 1, 1, 0.080512 
512, 60, 60, 32, 1, 1, 15, 4, 1, 4, 8, 12, 1, 1, 0.042400 
512, 60, 60, 32, 1, 1, 15, 4, 1, 4, 8, 15, 1, 1, 0.050112 
512, 60, 60, 32, 1, 1, 15, 4, 1, 4, 8, 20, 1, 1, 0.003328 
512, 60, 60, 32, 1, 1, 15, 4, 1, 4, 8, 1, 1, 2, 0.042432 
512, 60, 60, 32, 1, 1, 15, 4, 1, 4, 8, 2, 1, 2, 0.037952 
512, 60, 60, 32, 1, 1, 15, 4, 1, 4, 8, 3, 1, 2, 0.040800 
512, 60, 60, 32, 1, 1, 15, 4, 1, 4, 8, 4, 1, 2, 0.042624 
512, 60, 60, 32, 1, 1, 15, 4, 1, 4, 8, 5, 1, 2, 0.073056 
512, 60, 60, 32, 1, 1, 15, 4, 1, 4, 8, 6, 1, 2, 0.040704 
512, 60, 60, 32, 1, 1, 15, 4, 1, 4, 8, 10, 1, 2, 0.005440 
512, 60, 60, 32, 1, 1, 15, 4, 1, 4, 8, 1, 1, 4, 0.043040 
512, 60, 60, 32, 1, 1, 15, 4, 1, 4, 8, 2, 1, 4, 0.045440 
512, 60, 60, 32, 1, 1, 15, 4, 1, 4, 8, 3, 1, 4, 0.045312 
512, 60, 60, 32, 1, 1, 15, 4, 1, 4, 8, 4, 1, 4, 0.054016 
512, 60, 60, 32, 1, 1, 15, 4, 1, 4, 8, 5, 1, 4, 0.005632 
512, 60, 60, 32, 1, 1, 15, 4, 1, 4, 8, 1, 1, 8, 0.047584 
512, 60, 60, 32, 1, 1, 15, 4, 1, 4, 8, 2, 1, 8, 0.051328 
512, 60, 60, 32, 1, 1, 15, 8, 1, 1, 32, 1, 4, 1, 0.063744 
512, 60, 60, 32, 1, 1, 15, 8, 1, 1, 32, 2, 4, 1, 0.067328 
512, 60, 60, 32, 1, 1, 15, 8, 1, 1, 32, 3, 4, 1, 0.070272 
512, 60, 60, 32, 1, 1, 15, 8, 1, 2, 16, 1, 2, 1, 0.062144 
512, 60, 60, 32, 1, 1, 15, 8, 1, 2, 16, 2, 2, 1, 0.057376 
512, 60, 60, 32, 1, 1, 15, 8, 1, 2, 16, 3, 2, 1, 0.058848 
512, 60, 60, 32, 1, 1, 15, 8, 1, 2, 16, 4, 2, 1, 0.061568 
512, 60, 60, 32, 1, 1, 15, 8, 1, 2, 16, 5, 2, 1, 0.066144 
512, 60, 60, 32, 1, 1, 15, 8, 1, 2, 16, 6, 2, 1, 0.065344 
512, 60, 60, 32, 1, 1, 15, 8, 1, 2, 16, 1, 2, 2, 0.063840 
512, 60, 60, 32, 1, 1, 15, 8, 1, 2, 16, 2, 2, 2, 0.067744 
512, 60, 60, 32, 1, 1, 15, 8, 1, 2, 16, 3, 2, 2, 0.069824 
512, 60, 60, 32, 1, 1, 15, 8, 1, 4, 8, 1, 1, 1, 0.058560 
512, 60, 60, 32, 1, 1, 15, 8, 1, 4, 8, 2, 1, 1, 0.057280 
512, 60, 60, 32, 1, 1, 15, 8, 1, 4, 8, 3, 1, 1, 0.056832 
512, 60, 60, 32, 1, 1, 15, 8, 1, 4, 8, 4, 1, 1, 0.056672 
512, 60, 60, 32, 1, 1, 15, 8, 1, 4, 8, 5, 1, 1, 0.061568 
512, 60, 60, 32, 1, 1, 15, 8, 1, 4, 8, 6, 1, 1, 0.056896 
512, 60, 60, 32, 1, 1, 15, 8, 1, 4, 8, 10, 1, 1, 0.065120 
512, 60, 60, 32, 1, 1, 15, 8, 1, 4, 8, 12, 1, 1, 0.074752 
512, 60, 60, 32, 1, 1, 15, 8, 1, 4, 8, 1, 1, 2, 0.062080 
512, 60, 60, 32, 1, 1, 15, 8, 1, 4, 8, 2, 1, 2, 0.057856 
512, 60, 60, 32, 1, 1, 15, 8, 1, 4, 8, 3, 1, 2, 0.062560 
512, 60, 60, 32, 1, 1, 15, 8, 1, 4, 8, 4, 1, 2, 0.062080 
512, 60, 60, 32, 1, 1, 15, 8, 1, 4, 8, 5, 1, 2, 0.067872 
512, 60, 60, 32, 1, 1, 15, 8, 1, 4, 8, 6, 1, 2, 0.066048 
512, 60, 60, 32, 1, 1, 15, 8, 1, 4, 8, 1, 1, 4, 0.062144 
512, 60, 60, 32, 1, 1, 15, 8, 1, 4, 8, 2, 1, 4, 0.064928 
512, 60, 60, 32, 1, 1, 15, 8, 1, 4, 8, 3, 1, 4, 0.070752 
512, 60, 60, 32, 1, 1, 20, 2, 1, 1, 32, 1, 3, 1, 0.041824 
512, 60, 60, 32, 1, 1, 20, 2, 1, 1, 32, 2, 3, 1, 0.040384 
512, 60, 60, 32, 1, 1, 20, 2, 1, 1, 32, 3, 3, 1, 0.043360 
512, 60, 60, 32, 1, 1, 20, 2, 1, 1, 32, 4, 3, 1, 0.067648 
512, 60, 60, 32, 1, 1, 20, 2, 1, 1, 32, 5, 3, 1, 0.074432 
512, 60, 60, 32, 1, 1, 20, 2, 1, 1, 32, 1, 3, 2, 0.044768 
512, 60, 60, 32, 1, 1, 20, 2, 1, 1, 32, 2, 3, 2, 0.062912 
512, 60, 60, 32, 1, 1, 20, 2, 1, 1, 32, 3, 3, 2, 0.047328 
512, 60, 60, 32, 1, 1, 20, 2, 1, 1, 32, 1, 3, 4, 0.071936 
512, 60, 60, 32, 1, 1, 20, 4, 1, 1, 32, 1, 3, 1, 0.046240 
512, 60, 60, 32, 1, 1, 20, 4, 1, 1, 32, 2, 3, 1, 0.043872 
512, 60, 60, 32, 1, 1, 20, 4, 1, 1, 32, 3, 3, 1, 0.047072 
512, 60, 60, 32, 1, 1, 20, 4, 1, 1, 32, 4, 3, 1, 0.045472 
512, 60, 60, 32, 1, 1, 20, 4, 1, 1, 32, 5, 3, 1, 0.054144 
512, 60, 60, 32, 1, 1, 20, 4, 1, 1, 32, 1, 3, 2, 0.045184 
512, 60, 60, 32, 1, 1, 20, 4, 1, 1, 32, 2, 3, 2, 0.045152 
512, 60, 60, 32, 1, 1, 20, 8, 1, 1, 32, 1, 3, 1, 0.063584 
512, 60, 60, 32, 1, 1, 20, 8, 1, 1, 32, 2, 3, 1, 0.063168 
512, 60, 60, 32, 1, 1, 20, 8, 1, 1, 32, 3, 3, 1, 0.003744 
512, 60, 60, 32, 1, 1, 30, 2, 1, 1, 32, 1, 2, 1, 0.044544 
512, 60, 60, 32, 1, 1, 30, 2, 1, 1, 32, 2, 2, 1, 0.040576 
512, 60, 60, 32, 1, 1, 30, 2, 1, 1, 32, 3, 2, 1, 0.044096 
512, 60, 60, 32, 1, 1, 30, 2, 1, 1, 32, 4, 2, 1, 0.044064 
512, 60, 60, 32, 1, 1, 30, 2, 1, 1, 32, 5, 2, 1, 0.074272 
512, 60, 60, 32, 1, 1, 30, 2, 1, 1, 32, 1, 2, 2, 0.045888 
512, 60, 60, 32, 1, 1, 30, 2, 1, 1, 32, 2, 2, 2, 0.042304 
512, 60, 60, 32, 1, 1, 30, 2, 1, 1, 32, 3, 2, 2, 0.043392 
512, 60, 60, 32, 1, 1, 30, 2, 1, 1, 32, 1, 2, 4, 0.046080 
512, 60, 60, 32, 1, 1, 30, 2, 1, 2, 16, 1, 1, 1, 0.044128 
512, 60, 60, 32, 1, 1, 30, 2, 1, 2, 16, 2, 1, 1, 0.044096 
512, 60, 60, 32, 1, 1, 30, 2, 1, 2, 16, 3, 1, 1, 0.043264 
512, 60, 60, 32, 1, 1, 30, 2, 1, 2, 16, 4, 1, 1, 0.042720 
512, 60, 60, 32, 1, 1, 30, 2, 1, 2, 16, 5, 1, 1, 0.045248 
512, 60, 60, 32, 1, 1, 30, 2, 1, 2, 16, 6, 1, 1, 0.043360 
512, 60, 60, 32, 1, 1, 30, 2, 1, 2, 16, 10, 1, 1, 0.079872 
512, 60, 60, 32, 1, 1, 30, 2, 1, 2, 16, 1, 1, 2, 0.048352 
512, 60, 60, 32, 1, 1, 30, 2, 1, 2, 16, 2, 1, 2, 0.041184 
512, 60, 60, 32, 1, 1, 30, 2, 1, 2, 16, 3, 1, 2, 0.043392 
512, 60, 60, 32, 1, 1, 30, 2, 1, 2, 16, 4, 1, 2, 0.046464 
512, 60, 60, 32, 1, 1, 30, 2, 1, 2, 16, 5, 1, 2, 0.079328 
512, 60, 60, 32, 1, 1, 30, 2, 1, 2, 16, 1, 1, 4, 0.043584 
512, 60, 60, 32, 1, 1, 30, 2, 1, 2, 16, 2, 1, 4, 0.040896 
512, 60, 60, 32, 1, 1, 30, 2, 1, 2, 16, 3, 1, 4, 0.045472 
512, 60, 60, 32, 1, 1, 30, 2, 1, 2, 16, 1, 1, 8, 0.044416 
512, 60, 60, 32, 1, 1, 30, 4, 1, 1, 32, 1, 2, 1, 0.057088 
512, 60, 60, 32, 1, 1, 30, 4, 1, 1, 32, 2, 2, 1, 0.049312 
512, 60, 60, 32, 1, 1, 30, 4, 1, 1, 32, 3, 2, 1, 0.053440 
512, 60, 60, 32, 1, 1, 30, 4, 1, 1, 32, 4, 2, 1, 0.054144 
512, 60, 60, 32, 1, 1, 30, 4, 1, 1, 32, 5, 2, 1, 0.059392 
512, 60, 60, 32, 1, 1, 30, 4, 1, 1, 32, 1, 2, 2, 0.050080 
512, 60, 60, 32, 1, 1, 30, 4, 1, 1, 32, 2, 2, 2, 0.047648 
512, 60, 60, 32, 1, 1, 30, 4, 1, 2, 16, 1, 1, 1, 0.051936 
512, 60, 60, 32, 1, 1, 30, 4, 1, 2, 16, 2, 1, 1, 0.049760 
512, 60, 60, 32, 1, 1, 30, 4, 1, 2, 16, 3, 1, 1, 0.049728 
512, 60, 60, 32, 1, 1, 30, 4, 1, 2, 16, 4, 1, 1, 0.053632 
512, 60, 60, 32, 1, 1, 30, 4, 1, 2, 16, 5, 1, 1, 0.055904 
512, 60, 60, 32, 1, 1, 30, 4, 1, 2, 16, 6, 1, 1, 0.051136 
512, 60, 60, 32, 1, 1, 30, 4, 1, 2, 16, 10, 1, 1, 0.059744 
512, 60, 60, 32, 1, 1, 30, 4, 1, 2, 16, 1, 1, 2, 0.055776 
512, 60, 60, 32, 1, 1, 30, 4, 1, 2, 16, 2, 1, 2, 0.051104 
512, 60, 60, 32, 1, 1, 30, 4, 1, 2, 16, 3, 1, 2, 0.053824 
512, 60, 60, 32, 1, 1, 30, 4, 1, 2, 16, 4, 1, 2, 0.055680 
512, 60, 60, 32, 1, 1, 30, 4, 1, 2, 16, 5, 1, 2, 0.058336 
512, 60, 60, 32, 1, 1, 30, 4, 1, 2, 16, 1, 1, 4, 0.049504 
512, 60, 60, 32, 1, 1, 30, 4, 1, 2, 16, 2, 1, 4, 0.048160 
512, 60, 60, 32, 1, 1, 60, 2, 1, 1, 32, 1, 1, 1, 0.045056 
512, 60, 60, 32, 1, 1, 60, 2, 1, 1, 32, 2, 1, 1, 0.041632 
512, 60, 60, 32, 1, 1, 60, 2, 1, 1, 32, 3, 1, 1, 0.045184 
512, 60, 60, 32, 1, 1, 60, 2, 1, 1, 32, 4, 1, 1, 0.043264 
512, 60, 60, 32, 1, 1, 60, 2, 1, 1, 32, 5, 1, 1, 0.080448 
512, 60, 60, 32, 1, 1, 60, 2, 1, 1, 32, 1, 1, 2, 0.048928 
512, 60, 60, 32, 1, 1, 60, 2, 1, 1, 32, 2, 1, 2, 0.041952 
512, 60, 60, 32, 1, 1, 60, 2, 1, 1, 32, 3, 1, 2, 0.046880 
512, 60, 60, 32, 1, 1, 60, 2, 1, 1, 32, 1, 1, 4, 0.047584 
64, 330, 330, 32, 1, 1, 11, 2, 1, 2, 16, 1, 15, 1, 0.213152 
64, 330, 330, 32, 1, 1, 11, 2, 1, 2, 16, 2, 15, 1, 0.238336 
64, 330, 330, 32, 1, 1, 15, 2, 1, 2, 16, 1, 11, 1, 0.212480 
64, 330, 330, 32, 1, 1, 15, 2, 1, 2, 16, 2, 11, 1, 0.226016 
64, 330, 330, 32, 1, 1, 33, 2, 1, 2, 16, 1, 5, 1, 0.168800 
64, 330, 330, 32, 1, 1, 33, 2, 1, 2, 16, 2, 5, 1, 0.234176 
64, 330, 330, 32, 1, 1, 55, 2, 1, 2, 16, 1, 3, 1, 0.265408 
64, 330, 330, 32, 1, 1, 55, 2, 1, 2, 16, 2, 3, 1, 0.251936 
64, 36, 36, 1024, 1, 1, 1, 2, 1, 2, 16, 1, 18, 1, 0.663488 
64, 36, 36, 1024, 1, 1, 1, 2, 1, 4, 8, 1, 9, 1, 0.650720 
64, 36, 36, 1024, 1, 1, 1, 2, 1, 4, 8, 2, 9, 1, 0.706752 
64, 36, 36, 1024, 1, 1, 1, 2, 1, 4, 8, 3, 9, 1, 0.765536 
64, 36, 36, 1024, 1, 1, 1, 2, 1, 4, 8, 1, 9, 2, 0.663008 
64, 36, 36, 1024, 1, 1, 1, 4, 1, 4, 8, 1, 9, 1, 0.633920 
64, 36, 36, 1024, 1, 1, 1, 4, 1, 4, 8, 2, 9, 1, 0.655712 
64, 36, 36, 1024, 1, 1, 1, 4, 1, 4, 8, 3, 9, 1, 0.765920 
64, 36, 36, 1024, 1, 1, 2, 2, 1, 2, 16, 1, 9, 1, 0.614112 
64, 36, 36, 1024, 1, 1, 2, 2, 1, 2, 16, 2, 9, 1, 0.666400 
64, 36, 36, 1024, 1, 1, 2, 2, 1, 2, 16, 3, 9, 1, 0.725664 
64, 36, 36, 1024, 1, 1, 3, 2, 1, 2, 16, 1, 6, 1, 0.594048 
64, 36, 36, 1024, 1, 1, 3, 2, 1, 2, 16, 2, 6, 1, 0.578592 
64, 36, 36, 1024, 1, 1, 3, 2, 1, 2, 16, 3, 6, 1, 0.693504 
64, 36, 36, 1024, 1, 1, 3, 2, 1, 2, 16, 4, 6, 1, 0.718464 
64, 36, 36, 1024, 1, 1, 3, 2, 1, 4, 8, 1, 3, 1, 0.622016 
64, 36, 36, 1024, 1, 1, 3, 2, 1, 4, 8, 2, 3, 1, 0.611936 
64, 36, 36, 1024, 1, 1, 3, 2, 1, 4, 8, 3, 3, 1, 0.620736 
64, 36, 36, 1024, 1, 1, 3, 2, 1, 4, 8, 4, 3, 1, 0.619328 
64, 36, 36, 1024, 1, 1, 3, 2, 1, 4, 8, 6, 3, 1, 0.716544 
64, 36, 36, 1024, 1, 1, 3, 2, 1, 4, 8, 9, 3, 1, 0.757632 
64, 36, 36, 1024, 1, 1, 3, 2, 1, 4, 8, 1, 3, 2, 0.593824 
64, 36, 36, 1024, 1, 1, 3, 2, 1, 4, 8, 2, 3, 2, 0.578656 
64, 36, 36, 1024, 1, 1, 3, 2, 1, 4, 8, 3, 3, 2, 0.693376 
64, 36, 36, 1024, 1, 1, 3, 2, 1, 4, 8, 4, 3, 2, 0.718752 
64, 36, 36, 1024, 1, 1, 3, 4, 1, 4, 8, 1, 3, 1, 0.600224 
64, 36, 36, 1024, 1, 1, 3, 4, 1, 4, 8, 2, 3, 1, 0.587552 
64, 36, 36, 1024, 1, 1, 3, 4, 1, 4, 8, 3, 3, 1, 0.596544 
64, 36, 36, 1024, 1, 1, 3, 4, 1, 4, 8, 4, 3, 1, 0.597408 
64, 36, 36, 1024, 1, 1, 3, 4, 1, 4, 8, 6, 3, 1, 0.701504 
64, 36, 36, 1024, 1, 1, 3, 4, 1, 4, 8, 9, 3, 1, 0.785760 
64, 36, 36, 1024, 1, 1, 6, 2, 1, 2, 16, 1, 3, 1, 0.592864 
64, 36, 36, 1024, 1, 1, 6, 2, 1, 2, 16, 2, 3, 1, 0.580096 
64, 36, 36, 1024, 1, 1, 6, 2, 1, 2, 16, 3, 3, 1, 0.590080 
64, 36, 36, 1024, 1, 1, 6, 2, 1, 2, 16, 4, 3, 1, 0.594240 
64, 36, 36, 1024, 1, 1, 6, 2, 1, 2, 16, 6, 3, 1, 0.683200 
64, 36, 36, 1024, 1, 1, 6, 2, 1, 2, 16, 9, 3, 1, 0.748928 
64, 36, 36, 1024, 1, 1, 9, 2, 1, 2, 16, 1, 2, 1, 0.611872 
64, 36, 36, 1024, 1, 1, 9, 2, 1, 2, 16, 2, 2, 1, 0.594240 
64, 36, 36, 1024, 1, 1, 9, 2, 1, 2, 16, 3, 2, 1, 0.599936 
64, 36, 36, 1024, 1, 1, 9, 2, 1, 2, 16, 4, 2, 1, 0.601664 
64, 36, 36, 1024, 1, 1, 9, 2, 1, 2, 16, 6, 2, 1, 0.612416 
64, 36, 36, 1024, 1, 1, 9, 2, 1, 2, 16, 9, 2, 1, 0.663200 
64, 36, 36, 1024, 1, 1, 9, 2, 1, 2, 16, 12, 2, 1, 0.719008 
64, 36, 36, 1024, 1, 1, 9, 2, 1, 4, 8, 1, 1, 1, 0.650816 
64, 36, 36, 1024, 1, 1, 9, 2, 1, 4, 8, 2, 1, 1, 0.635328 
64, 36, 36, 1024, 1, 1, 9, 2, 1, 4, 8, 3, 1, 1, 0.633920 
64, 36, 36, 1024, 1, 1, 9, 2, 1, 4, 8, 4, 1, 1, 0.639296 
64, 36, 36, 1024, 1, 1, 9, 2, 1, 4, 8, 6, 1, 1, 0.644096 
64, 36, 36, 1024, 1, 1, 9, 2, 1, 4, 8, 9, 1, 1, 0.665472 
64, 36, 36, 1024, 1, 1, 9, 2, 1, 4, 8, 12, 1, 1, 0.672992 
64, 36, 36, 1024, 1, 1, 9, 2, 1, 4, 8, 18, 1, 1, 0.728192 
64, 36, 36, 1024, 1, 1, 9, 2, 1, 4, 8, 1, 1, 2, 0.611840 
64, 36, 36, 1024, 1, 1, 9, 2, 1, 4, 8, 2, 1, 2, 0.594080 
64, 36, 36, 1024, 1, 1, 9, 2, 1, 4, 8, 3, 1, 2, 0.599616 
64, 36, 36, 1024, 1, 1, 9, 2, 1, 4, 8, 4, 1, 2, 0.602592 
64, 36, 36, 1024, 1, 1, 9, 2, 1, 4, 8, 6, 1, 2, 0.612768 
64, 36, 36, 1024, 1, 1, 9, 2, 1, 4, 8, 9, 1, 2, 0.662272 
64, 36, 36, 1024, 1, 1, 9, 2, 1, 4, 8, 12, 1, 2, 0.718752 
64, 36, 36, 1024, 1, 1, 9, 4, 1, 4, 8, 1, 1, 1, 0.640832 
64, 36, 36, 1024, 1, 1, 9, 4, 1, 4, 8, 2, 1, 1, 0.628192 
64, 36, 36, 1024, 1, 1, 9, 4, 1, 4, 8, 3, 1, 1, 0.623648 
64, 36, 36, 1024, 1, 1, 9, 4, 1, 4, 8, 4, 1, 1, 0.630848 
64, 36, 36, 1024, 1, 1, 9, 4, 1, 4, 8, 6, 1, 1, 0.638400 
64, 36, 36, 1024, 1, 1, 9, 4, 1, 4, 8, 9, 1, 1, 0.667424 
64, 36, 36, 1024, 1, 1, 9, 4, 1, 4, 8, 12, 1, 1, 0.672384 
64, 36, 36, 1024, 1, 1, 9, 4, 1, 4, 8, 18, 1, 1, 0.729824 
64, 36, 36, 1024, 1, 1, 18, 2, 1, 2, 16, 1, 1, 1, 0.669728 
64, 36, 36, 1024, 1, 1, 18, 2, 1, 2, 16, 2, 1, 1, 0.652800 
64, 36, 36, 1024, 1, 1, 18, 2, 1, 2, 16, 3, 1, 1, 0.650304 
64, 36, 36, 1024, 1, 1, 18, 2, 1, 2, 16, 4, 1, 1, 0.660288 
64, 36, 36, 1024, 1, 1, 18, 2, 1, 2, 16, 6, 1, 1, 0.664768 
64, 36, 36, 1024, 1, 1, 18, 2, 1, 2, 16, 9, 1, 1, 0.688672 
64, 36, 36, 1024, 1, 1, 18, 2, 1, 2, 16, 12, 1, 1, 0.701760 
64, 36, 36, 1024, 1, 1, 18, 2, 1, 2, 16, 18, 1, 1, 0.762016 
1024, 6, 6, 64, 1, 1, 1, 2, 1, 1, 32, 1, 6, 1, 0.052608 
1024, 6, 6, 64, 1, 1, 1, 2, 1, 1, 32, 2, 6, 1, 0.054112 
1024, 6, 6, 64, 1, 1, 1, 2, 1, 1, 32, 3, 6, 1, 0.060096 
1024, 6, 6, 64, 1, 1, 1, 2, 1, 1, 32, 1, 6, 2, 0.057504 
1024, 6, 6, 64, 1, 1, 1, 2, 1, 1, 32, 2, 6, 2, 0.065184 
1024, 6, 6, 64, 1, 1, 1, 2, 1, 1, 32, 1, 6, 4, 0.072608 
1024, 6, 6, 64, 1, 1, 1, 2, 1, 2, 16, 1, 3, 1, 0.051808 
1024, 6, 6, 64, 1, 1, 1, 2, 1, 2, 16, 2, 3, 1, 0.052960 
1024, 6, 6, 64, 1, 1, 1, 2, 1, 2, 16, 3, 3, 1, 0.053088 
1024, 6, 6, 64, 1, 1, 1, 2, 1, 2, 16, 6, 3, 1, 0.057600 
1024, 6, 6, 64, 1, 1, 1, 2, 1, 2, 16, 1, 3, 2, 0.053632 
1024, 6, 6, 64, 1, 1, 1, 2, 1, 2, 16, 2, 3, 2, 0.054368 
1024, 6, 6, 64, 1, 1, 1, 2, 1, 2, 16, 3, 3, 2, 0.059584 
1024, 6, 6, 64, 1, 1, 1, 2, 1, 2, 16, 1, 3, 4, 0.055744 
1024, 6, 6, 64, 1, 1, 1, 2, 1, 2, 16, 2, 3, 4, 0.066176 
1024, 6, 6, 64, 1, 1, 1, 2, 1, 2, 16, 1, 3, 8, 0.072960 
1024, 6, 6, 64, 1, 1, 1, 4, 1, 1, 32, 1, 6, 1, 0.055328 
1024, 6, 6, 64, 1, 1, 1, 4, 1, 1, 32, 2, 6, 1, 0.057120 
1024, 6, 6, 64, 1, 1, 1, 4, 1, 1, 32, 3, 6, 1, 0.063968 
1024, 6, 6, 64, 1, 1, 1, 4, 1, 1, 32, 1, 6, 2, 0.063232 
1024, 6, 6, 64, 1, 1, 1, 4, 1, 1, 32, 2, 6, 2, 0.073024 
1024, 6, 6, 64, 1, 1, 1, 4, 1, 1, 32, 1, 6, 4, 0.084480 
1024, 6, 6, 64, 1, 1, 1, 4, 1, 2, 16, 1, 3, 1, 0.053280 
1024, 6, 6, 64, 1, 1, 1, 4, 1, 2, 16, 2, 3, 1, 0.052832 
1024, 6, 6, 64, 1, 1, 1, 4, 1, 2, 16, 3, 3, 1, 0.055328 
1024, 6, 6, 64, 1, 1, 1, 4, 1, 2, 16, 6, 3, 1, 0.059808 
1024, 6, 6, 64, 1, 1, 1, 4, 1, 2, 16, 1, 3, 2, 0.054816 
1024, 6, 6, 64, 1, 1, 1, 4, 1, 2, 16, 2, 3, 2, 0.057216 
1024, 6, 6, 64, 1, 1, 1, 4, 1, 2, 16, 3, 3, 2, 0.062464 
1024, 6, 6, 64, 1, 1, 1, 4, 1, 2, 16, 1, 3, 4, 0.060960 
1024, 6, 6, 64, 1, 1, 1, 4, 1, 2, 16, 2, 3, 4, 0.072736 
1024, 6, 6, 64, 1, 1, 1, 4, 1, 2, 16, 1, 3, 8, 0.085472 
1024, 6, 6, 64, 1, 1, 1, 8, 1, 1, 32, 1, 6, 1, 0.059488 
1024, 6, 6, 64, 1, 1, 1, 8, 1, 1, 32, 2, 6, 1, 0.061952 
1024, 6, 6, 64, 1, 1, 1, 8, 1, 1, 32, 3, 6, 1, 0.075904 
1024, 6, 6, 64, 1, 1, 1, 8, 1, 1, 32, 1, 6, 2, 0.069568 
1024, 6, 6, 64, 1, 1, 1, 8, 1, 1, 32, 2, 6, 2, 0.097760 
1024, 6, 6, 64, 1, 1, 1, 8, 1, 2, 16, 1, 3, 1, 0.055520 
1024, 6, 6, 64, 1, 1, 1, 8, 1, 2, 16, 2, 3, 1, 0.058016 
1024, 6, 6, 64, 1, 1, 1, 8, 1, 2, 16, 3, 3, 1, 0.055488 
1024, 6, 6, 64, 1, 1, 1, 8, 1, 2, 16, 6, 3, 1, 0.071552 
1024, 6, 6, 64, 1, 1, 1, 8, 1, 2, 16, 1, 3, 2, 0.059872 
1024, 6, 6, 64, 1, 1, 1, 8, 1, 2, 16, 2, 3, 2, 0.061024 
1024, 6, 6, 64, 1, 1, 1, 8, 1, 2, 16, 3, 3, 2, 0.076096 
1024, 6, 6, 64, 1, 1, 1, 8, 1, 2, 16, 1, 3, 4, 0.068960 
1024, 6, 6, 64, 1, 1, 1, 8, 1, 2, 16, 2, 3, 4, 0.097984 
1024, 6, 6, 64, 1, 1, 1, 16, 1, 1, 32, 1, 6, 1, 0.075616 
1024, 6, 6, 64, 1, 1, 1, 16, 1, 1, 32, 2, 6, 1, 0.087712 
1024, 6, 6, 64, 1, 1, 1, 16, 1, 1, 32, 3, 6, 1, 0.119616 
1024, 6, 6, 64, 1, 1, 1, 16, 1, 2, 16, 1, 3, 1, 0.064512 
1024, 6, 6, 64, 1, 1, 1, 16, 1, 2, 16, 2, 3, 1, 0.065376 
1024, 6, 6, 64, 1, 1, 1, 16, 1, 2, 16, 3, 3, 1, 0.077056 
1024, 6, 6, 64, 1, 1, 1, 16, 1, 2, 16, 6, 3, 1, 0.115232 
1024, 6, 6, 64, 1, 1, 1, 16, 1, 2, 16, 1, 3, 2, 0.076736 
1024, 6, 6, 64, 1, 1, 1, 16, 1, 2, 16, 2, 3, 2, 0.088512 
1024, 6, 6, 64, 1, 1, 1, 16, 1, 2, 16, 3, 3, 2, 0.119200 
1024, 6, 6, 64, 1, 1, 1, 32, 1, 2, 16, 1, 3, 1, 0.097216 
1024, 6, 6, 64, 1, 1, 1, 32, 1, 2, 16, 2, 3, 1, 0.138112 
1024, 6, 6, 64, 1, 1, 1, 32, 1, 2, 16, 3, 3, 1, 0.183904 
1024, 6, 6, 64, 1, 1, 1, 32, 1, 2, 16, 6, 3, 1, 0.313376 
1024, 6, 6, 64, 1, 1, 2, 2, 1, 1, 32, 1, 3, 1, 0.054048 
1024, 6, 6, 64, 1, 1, 2, 2, 1, 1, 32, 2, 3, 1, 0.053184 
1024, 6, 6, 64, 1, 1, 2, 2, 1, 1, 32, 3, 3, 1, 0.054144 
1024, 6, 6, 64, 1, 1, 2, 2, 1, 1, 32, 6, 3, 1, 0.059040 
1024, 6, 6, 64, 1, 1, 2, 2, 1, 1, 32, 1, 3, 2, 0.054400 
1024, 6, 6, 64, 1, 1, 2, 2, 1, 1, 32, 2, 3, 2, 0.056736 
1024, 6, 6, 64, 1, 1, 2, 2, 1, 1, 32, 3, 3, 2, 0.061056 
1024, 6, 6, 64, 1, 1, 2, 2, 1, 1, 32, 1, 3, 4, 0.061056 
1024, 6, 6, 64, 1, 1, 2, 2, 1, 1, 32, 2, 3, 4, 0.071680 
1024, 6, 6, 64, 1, 1, 2, 2, 1, 1, 32, 1, 3, 8, 0.084096 
1024, 6, 6, 64, 1, 1, 2, 4, 1, 1, 32, 1, 3, 1, 0.055104 
1024, 6, 6, 64, 1, 1, 2, 4, 1, 1, 32, 2, 3, 1, 0.055008 
1024, 6, 6, 64, 1, 1, 2, 4, 1, 1, 32, 3, 3, 1, 0.055904 
1024, 6, 6, 64, 1, 1, 2, 4, 1, 1, 32, 6, 3, 1, 0.063264 
1024, 6, 6, 64, 1, 1, 2, 4, 1, 1, 32, 1, 3, 2, 0.058176 
1024, 6, 6, 64, 1, 1, 2, 4, 1, 1, 32, 2, 3, 2, 0.059040 
1024, 6, 6, 64, 1, 1, 2, 4, 1, 1, 32, 3, 3, 2, 0.069568 
1024, 6, 6, 64, 1, 1, 2, 4, 1, 1, 32, 1, 3, 4, 0.069152 
1024, 6, 6, 64, 1, 1, 2, 4, 1, 1, 32, 2, 3, 4, 0.085632 
1024, 6, 6, 64, 1, 1, 2, 8, 1, 1, 32, 1, 3, 1, 0.059136 
1024, 6, 6, 64, 1, 1, 2, 8, 1, 1, 32, 2, 3, 1, 0.059264 
1024, 6, 6, 64, 1, 1, 2, 8, 1, 1, 32, 3, 3, 1, 0.060832 
1024, 6, 6, 64, 1, 1, 2, 8, 1, 1, 32, 6, 3, 1, 0.080224 
1024, 6, 6, 64, 1, 1, 2, 8, 1, 1, 32, 1, 3, 2, 0.065824 
1024, 6, 6, 64, 1, 1, 2, 8, 1, 1, 32, 2, 3, 2, 0.069376 
1024, 6, 6, 64, 1, 1, 2, 8, 1, 1, 32, 3, 3, 2, 0.087104 
1024, 6, 6, 64, 1, 1, 2, 16, 1, 1, 32, 1, 3, 1, 0.073952 
1024, 6, 6, 64, 1, 1, 2, 16, 1, 1, 32, 2, 3, 1, 0.079616 
1024, 6, 6, 64, 1, 1, 2, 16, 1, 1, 32, 3, 3, 1, 0.085120 
1024, 6, 6, 64, 1, 1, 2, 16, 1, 1, 32, 6, 3, 1, 0.123328 
1024, 6, 6, 64, 1, 1, 3, 2, 1, 1, 32, 1, 2, 1, 0.053248 
1024, 6, 6, 64, 1, 1, 3, 2, 1, 1, 32, 2, 2, 1, 0.052736 
1024, 6, 6, 64, 1, 1, 3, 2, 1, 1, 32, 3, 2, 1, 0.053056 
1024, 6, 6, 64, 1, 1, 3, 2, 1, 1, 32, 6, 2, 1, 0.054496 
1024, 6, 6, 64, 1, 1, 3, 2, 1, 1, 32, 1, 2, 2, 0.054688 
1024, 6, 6, 64, 1, 1, 3, 2, 1, 1, 32, 2, 2, 2, 0.055520 
1024, 6, 6, 64, 1, 1, 3, 2, 1, 1, 32, 3, 2, 2, 0.055232 
1024, 6, 6, 64, 1, 1, 3, 2, 1, 1, 32, 6, 2, 2, 0.065792 
1024, 6, 6, 64, 1, 1, 3, 2, 1, 1, 32, 1, 2, 4, 0.059136 
1024, 6, 6, 64, 1, 1, 3, 2, 1, 1, 32, 2, 2, 4, 0.061504 
1024, 6, 6, 64, 1, 1, 3, 2, 1, 1, 32, 3, 2, 4, 0.071616 
1024, 6, 6, 64, 1, 1, 3, 2, 1, 1, 32, 1, 2, 8, 0.071520 
1024, 6, 6, 64, 1, 1, 3, 2, 1, 1, 32, 2, 2, 8, 0.096704 
1024, 6, 6, 64, 1, 1, 3, 2, 1, 2, 16, 1, 1, 1, 0.052576 
1024, 6, 6, 64, 1, 1, 3, 2, 1, 2, 16, 2, 1, 1, 0.051328 
1024, 6, 6, 64, 1, 1, 3, 2, 1, 2, 16, 3, 1, 1, 0.051168 
1024, 6, 6, 64, 1, 1, 3, 2, 1, 2, 16, 6, 1, 1, 0.052992 
1024, 6, 6, 64, 1, 1, 3, 2, 1, 2, 16, 1, 1, 2, 0.052416 
1024, 6, 6, 64, 1, 1, 3, 2, 1, 2, 16, 2, 1, 2, 0.053792 
1024, 6, 6, 64, 1, 1, 3, 2, 1, 2, 16, 3, 1, 2, 0.053440 
1024, 6, 6, 64, 1, 1, 3, 2, 1, 2, 16, 6, 1, 2, 0.054240 
1024, 6, 6, 64, 1, 1, 3, 2, 1, 2, 16, 1, 1, 4, 0.053760 
1024, 6, 6, 64, 1, 1, 3, 2, 1, 2, 16, 2, 1, 4, 0.055424 
1024, 6, 6, 64, 1, 1, 3, 2, 1, 2, 16, 3, 1, 4, 0.055744 
1024, 6, 6, 64, 1, 1, 3, 2, 1, 2, 16, 6, 1, 4, 0.066624 
1024, 6, 6, 64, 1, 1, 3, 2, 1, 2, 16, 1, 1, 8, 0.058368 
1024, 6, 6, 64, 1, 1, 3, 2, 1, 2, 16, 2, 1, 8, 0.061664 
1024, 6, 6, 64, 1, 1, 3, 2, 1, 2, 16, 3, 1, 8, 0.071712 
1024, 6, 6, 64, 1, 1, 3, 2, 1, 2, 16, 1, 1, 16, 0.071040 
1024, 6, 6, 64, 1, 1, 3, 2, 1, 2, 16, 2, 1, 16, 0.097088 
1024, 6, 6, 64, 1, 1, 3, 4, 1, 1, 32, 1, 2, 1, 0.054528 
1024, 6, 6, 64, 1, 1, 3, 4, 1, 1, 32, 2, 2, 1, 0.054304 
1024, 6, 6, 64, 1, 1, 3, 4, 1, 1, 32, 3, 2, 1, 0.053728 
1024, 6, 6, 64, 1, 1, 3, 4, 1, 1, 32, 6, 2, 1, 0.058624 
1024, 6, 6, 64, 1, 1, 3, 4, 1, 1, 32, 1, 2, 2, 0.058400 
1024, 6, 6, 64, 1, 1, 3, 4, 1, 1, 32, 2, 2, 2, 0.058336 
1024, 6, 6, 64, 1, 1, 3, 4, 1, 1, 32, 3, 2, 2, 0.060640 
1024, 6, 6, 64, 1, 1, 3, 4, 1, 1, 32, 6, 2, 2, 0.076096 
1024, 6, 6, 64, 1, 1, 3, 4, 1, 1, 32, 1, 2, 4, 0.065184 
1024, 6, 6, 64, 1, 1, 3, 4, 1, 1, 32, 2, 2, 4, 0.073184 
1024, 6, 6, 64, 1, 1, 3, 4, 1, 1, 32, 3, 2, 4, 0.090720 
1024, 6, 6, 64, 1, 1, 3, 4, 1, 2, 16, 1, 1, 1, 0.054688 
1024, 6, 6, 64, 1, 1, 3, 4, 1, 2, 16, 2, 1, 1, 0.053216 
1024, 6, 6, 64, 1, 1, 3, 4, 1, 2, 16, 3, 1, 1, 0.053312 
1024, 6, 6, 64, 1, 1, 3, 4, 1, 2, 16, 6, 1, 1, 0.053216 
1024, 6, 6, 64, 1, 1, 3, 4, 1, 2, 16, 1, 1, 2, 0.054592 
1024, 6, 6, 64, 1, 1, 3, 4, 1, 2, 16, 2, 1, 2, 0.054624 
1024, 6, 6, 64, 1, 1, 3, 4, 1, 2, 16, 3, 1, 2, 0.053728 
1024, 6, 6, 64, 1, 1, 3, 4, 1, 2, 16, 6, 1, 2, 0.058560 
1024, 6, 6, 64, 1, 1, 3, 4, 1, 2, 16, 1, 1, 4, 0.057472 
1024, 6, 6, 64, 1, 1, 3, 4, 1, 2, 16, 2, 1, 4, 0.058336 
1024, 6, 6, 64, 1, 1, 3, 4, 1, 2, 16, 3, 1, 4, 0.061600 
1024, 6, 6, 64, 1, 1, 3, 4, 1, 2, 16, 6, 1, 4, 0.076448 
1024, 6, 6, 64, 1, 1, 3, 4, 1, 2, 16, 1, 1, 8, 0.065024 
1024, 6, 6, 64, 1, 1, 3, 4, 1, 2, 16, 2, 1, 8, 0.072896 
1024, 6, 6, 64, 1, 1, 3, 4, 1, 2, 16, 3, 1, 8, 0.090336 
1024, 6, 6, 64, 1, 1, 3, 8, 1, 1, 32, 1, 2, 1, 0.060032 
1024, 6, 6, 64, 1, 1, 3, 8, 1, 1, 32, 2, 2, 1, 0.060928 
1024, 6, 6, 64, 1, 1, 3, 8, 1, 1, 32, 3, 2, 1, 0.060000 
1024, 6, 6, 64, 1, 1, 3, 8, 1, 1, 32, 6, 2, 1, 0.066304 
1024, 6, 6, 64, 1, 1, 3, 8, 1, 1, 32, 1, 2, 2, 0.064128 
1024, 6, 6, 64, 1, 1, 3, 8, 1, 1, 32, 2, 2, 2, 0.066720 
1024, 6, 6, 64, 1, 1, 3, 8, 1, 1, 32, 3, 2, 2, 0.071136 
1024, 6, 6, 64, 1, 1, 3, 8, 1, 1, 32, 6, 2, 2, 0.097632 
1024, 6, 6, 64, 1, 1, 3, 8, 1, 2, 16, 1, 1, 1, 0.057184 
1024, 6, 6, 64, 1, 1, 3, 8, 1, 2, 16, 2, 1, 1, 0.056640 
1024, 6, 6, 64, 1, 1, 3, 8, 1, 2, 16, 3, 1, 1, 0.055968 
1024, 6, 6, 64, 1, 1, 3, 8, 1, 2, 16, 6, 1, 1, 0.057248 
1024, 6, 6, 64, 1, 1, 3, 8, 1, 2, 16, 1, 1, 2, 0.061216 
1024, 6, 6, 64, 1, 1, 3, 8, 1, 2, 16, 2, 1, 2, 0.060544 
1024, 6, 6, 64, 1, 1, 3, 8, 1, 2, 16, 3, 1, 2, 0.060608 
1024, 6, 6, 64, 1, 1, 3, 8, 1, 2, 16, 6, 1, 2, 0.065440 
1024, 6, 6, 64, 1, 1, 3, 8, 1, 2, 16, 1, 1, 4, 0.064288 
1024, 6, 6, 64, 1, 1, 3, 8, 1, 2, 16, 2, 1, 4, 0.066784 
1024, 6, 6, 64, 1, 1, 3, 8, 1, 2, 16, 3, 1, 4, 0.072128 
1024, 6, 6, 64, 1, 1, 3, 8, 1, 2, 16, 6, 1, 4, 0.096928 
1024, 6, 6, 64, 1, 1, 3, 16, 1, 1, 32, 1, 2, 1, 0.072320 
1024, 6, 6, 64, 1, 1, 3, 16, 1, 1, 32, 2, 2, 1, 0.073632 
1024, 6, 6, 64, 1, 1, 3, 16, 1, 1, 32, 3, 2, 1, 0.075968 
1024, 6, 6, 64, 1, 1, 3, 16, 1, 1, 32, 6, 2, 1, 0.093568 
1024, 6, 6, 64, 1, 1, 3, 16, 1, 2, 16, 1, 1, 1, 0.066048 
1024, 6, 6, 64, 1, 1, 3, 16, 1, 2, 16, 2, 1, 1, 0.064352 
1024, 6, 6, 64, 1, 1, 3, 16, 1, 2, 16, 3, 1, 1, 0.064640 
1024, 6, 6, 64, 1, 1, 3, 16, 1, 2, 16, 6, 1, 1, 0.071008 
1024, 6, 6, 64, 1, 1, 3, 16, 1, 2, 16, 1, 1, 2, 0.072448 
1024, 6, 6, 64, 1, 1, 3, 16, 1, 2, 16, 2, 1, 2, 0.072960 
1024, 6, 6, 64, 1, 1, 3, 16, 1, 2, 16, 3, 1, 2, 0.074464 
1024, 6, 6, 64, 1, 1, 3, 16, 1, 2, 16, 6, 1, 2, 0.093440 
1024, 6, 6, 64, 1, 1, 3, 32, 1, 2, 16, 1, 1, 1, 0.106336 
1024, 6, 6, 64, 1, 1, 3, 32, 1, 2, 16, 2, 1, 1, 0.104320 
1024, 6, 6, 64, 1, 1, 3, 32, 1, 2, 16, 3, 1, 1, 0.108288 
1024, 6, 6, 64, 1, 1, 3, 32, 1, 2, 16, 6, 1, 1, 0.151008 
1024, 6, 6, 64, 1, 1, 6, 2, 1, 1, 32, 1, 1, 1, 0.053856 
1024, 6, 6, 64, 1, 1, 6, 2, 1, 1, 32, 2, 1, 1, 0.053216 
1024, 6, 6, 64, 1, 1, 6, 2, 1, 1, 32, 3, 1, 1, 0.053792 
1024, 6, 6, 64, 1, 1, 6, 2, 1, 1, 32, 6, 1, 1, 0.055328 
1024, 6, 6, 64, 1, 1, 6, 2, 1, 1, 32, 1, 1, 2, 0.056512 
1024, 6, 6, 64, 1, 1, 6, 2, 1, 1, 32, 2, 1, 2, 0.054016 
1024, 6, 6, 64, 1, 1, 6, 2, 1, 1, 32, 3, 1, 2, 0.054336 
1024, 6, 6, 64, 1, 1, 6, 2, 1, 1, 32, 6, 1, 2, 0.058272 
1024, 6, 6, 64, 1, 1, 6, 2, 1, 1, 32, 1, 1, 4, 0.057920 
1024, 6, 6, 64, 1, 1, 6, 2, 1, 1, 32, 2, 1, 4, 0.058976 
1024, 6, 6, 64, 1, 1, 6, 2, 1, 1, 32, 3, 1, 4, 0.060704 
1024, 6, 6, 64, 1, 1, 6, 2, 1, 1, 32, 6, 1, 4, 0.073632 
1024, 6, 6, 64, 1, 1, 6, 2, 1, 1, 32, 1, 1, 8, 0.063136 
1024, 6, 6, 64, 1, 1, 6, 2, 1, 1, 32, 2, 1, 8, 0.071424 
1024, 6, 6, 64, 1, 1, 6, 2, 1, 1, 32, 3, 1, 8, 0.086688 
1024, 6, 6, 64, 1, 1, 6, 4, 1, 1, 32, 1, 1, 1, 0.057504 
1024, 6, 6, 64, 1, 1, 6, 4, 1, 1, 32, 2, 1, 1, 0.056800 
1024, 6, 6, 64, 1, 1, 6, 4, 1, 1, 32, 3, 1, 1, 0.055872 
1024, 6, 6, 64, 1, 1, 6, 4, 1, 1, 32, 6, 1, 1, 0.058720 
1024, 6, 6, 64, 1, 1, 6, 4, 1, 1, 32, 1, 1, 2, 0.059616 
1024, 6, 6, 64, 1, 1, 6, 4, 1, 1, 32, 2, 1, 2, 0.058304 
1024, 6, 6, 64, 1, 1, 6, 4, 1, 1, 32, 3, 1, 2, 0.059872 
1024, 6, 6, 64, 1, 1, 6, 4, 1, 1, 32, 6, 1, 2, 0.063776 
1024, 6, 6, 64, 1, 1, 6, 4, 1, 1, 32, 1, 1, 4, 0.064384 
1024, 6, 6, 64, 1, 1, 6, 4, 1, 1, 32, 2, 1, 4, 0.067264 
1024, 6, 6, 64, 1, 1, 6, 4, 1, 1, 32, 3, 1, 4, 0.071456 
1024, 6, 6, 64, 1, 1, 6, 4, 1, 1, 32, 6, 1, 4, 0.090304 
1024, 6, 6, 64, 1, 1, 6, 8, 1, 1, 32, 1, 1, 1, 0.066496 
1024, 6, 6, 64, 1, 1, 6, 8, 1, 1, 32, 2, 1, 1, 0.064608 
1024, 6, 6, 64, 1, 1, 6, 8, 1, 1, 32, 3, 1, 1, 0.065696 
1024, 6, 6, 64, 1, 1, 6, 8, 1, 1, 32, 6, 1, 1, 0.065152 
1024, 6, 6, 64, 1, 1, 6, 8, 1, 1, 32, 1, 1, 2, 0.068000 
1024, 6, 6, 64, 1, 1, 6, 8, 1, 1, 32, 2, 1, 2, 0.068672 
1024, 6, 6, 64, 1, 1, 6, 8, 1, 1, 32, 3, 1, 2, 0.069536 
1024, 6, 6, 64, 1, 1, 6, 8, 1, 1, 32, 6, 1, 2, 0.078496 
1024, 6, 6, 64, 1, 1, 6, 16, 1, 1, 32, 1, 1, 1, 0.096576 
1024, 6, 6, 64, 1, 1, 6, 16, 1, 1, 32, 2, 1, 1, 0.095424 
1024, 6, 6, 64, 1, 1, 6, 16, 1, 1, 32, 3, 1, 1, 0.096800 
1024, 6, 6, 64, 1, 1, 6, 16, 1, 1, 32, 6, 1, 1, 0.101824 
256, 36, 36, 128, 1, 1, 1, 2, 1, 2, 16, 1, 18, 1, 0.186688 
256, 36, 36, 128, 1, 1, 1, 2, 1, 4, 8, 1, 9, 1, 0.184128 
256, 36, 36, 128, 1, 1, 1, 2, 1, 4, 8, 2, 9, 1, 0.193536 
256, 36, 36, 128, 1, 1, 1, 2, 1, 4, 8, 3, 9, 1, 0.292608 
256, 36, 36, 128, 1, 1, 1, 2, 1, 4, 8, 1, 9, 2, 0.186848 
256, 36, 36, 128, 1, 1, 1, 4, 1, 2, 16, 1, 18, 1, 0.106272 
256, 36, 36, 128, 1, 1, 1, 4, 1, 4, 8, 1, 9, 1, 0.094240 
256, 36, 36, 128, 1, 1, 1, 4, 1, 4, 8, 2, 9, 1, 0.097824 
256, 36, 36, 128, 1, 1, 1, 4, 1, 4, 8, 3, 9, 1, 0.200736 
256, 36, 36, 128, 1, 1, 1, 4, 1, 4, 8, 1, 9, 2, 0.106240 
256, 36, 36, 128, 1, 1, 1, 8, 1, 2, 16, 1, 18, 1, 0.123808 
256, 36, 36, 128, 1, 1, 1, 8, 1, 4, 8, 1, 9, 1, 0.102176 
256, 36, 36, 128, 1, 1, 1, 8, 1, 4, 8, 2, 9, 1, 0.119744 
256, 36, 36, 128, 1, 1, 1, 8, 1, 4, 8, 3, 9, 1, 0.137664 
256, 36, 36, 128, 1, 1, 1, 8, 1, 4, 8, 1, 9, 2, 0.123680 
256, 36, 36, 128, 1, 1, 1, 16, 1, 4, 8, 1, 9, 1, 0.131392 
256, 36, 36, 128, 1, 1, 1, 16, 1, 4, 8, 2, 9, 1, 0.181888 
256, 36, 36, 128, 1, 1, 1, 16, 1, 4, 8, 3, 9, 1, 0.254624 
256, 36, 36, 128, 1, 1, 2, 2, 1, 1, 32, 1, 18, 1, 0.106752 
256, 36, 36, 128, 1, 1, 2, 2, 1, 2, 16, 1, 9, 1, 0.094144 
256, 36, 36, 128, 1, 1, 2, 2, 1, 2, 16, 2, 9, 1, 0.097344 
256, 36, 36, 128, 1, 1, 2, 2, 1, 2, 16, 3, 9, 1, 0.191168 
256, 36, 36, 128, 1, 1, 2, 2, 1, 2, 16, 1, 9, 2, 0.106080 
256, 36, 36, 128, 1, 1, 2, 4, 1, 1, 32, 1, 18, 1, 0.108960 
256, 36, 36, 128, 1, 1, 2, 4, 1, 2, 16, 1, 9, 1, 0.095680 
256, 36, 36, 128, 1, 1, 2, 4, 1, 2, 16, 2, 9, 1, 0.104832 
256, 36, 36, 128, 1, 1, 2, 4, 1, 2, 16, 3, 9, 1, 0.114944 
256, 36, 36, 128, 1, 1, 2, 4, 1, 2, 16, 1, 9, 2, 0.108992 
256, 36, 36, 128, 1, 1, 2, 8, 1, 2, 16, 1, 9, 1, 0.109568 
256, 36, 36, 128, 1, 1, 2, 8, 1, 2, 16, 2, 9, 1, 0.126016 
256, 36, 36, 128, 1, 1, 2, 8, 1, 2, 16, 3, 9, 1, 0.145792 
256, 36, 36, 128, 1, 1, 3, 2, 1, 1, 32, 1, 12, 1, 0.095744 
256, 36, 36, 128, 1, 1, 3, 2, 1, 1, 32, 2, 12, 1, 0.110304 
256, 36, 36, 128, 1, 1, 3, 2, 1, 1, 32, 1, 12, 2, 0.113152 
256, 36, 36, 128, 1, 1, 3, 2, 1, 2, 16, 1, 6, 1, 0.091840 
256, 36, 36, 128, 1, 1, 3, 2, 1, 2, 16, 2, 6, 1, 0.089920 
256, 36, 36, 128, 1, 1, 3, 2, 1, 2, 16, 3, 6, 1, 0.103264 
256, 36, 36, 128, 1, 1, 3, 2, 1, 2, 16, 4, 6, 1, 0.106112 
256, 36, 36, 128, 1, 1, 3, 2, 1, 2, 16, 1, 6, 2, 0.096224 
256, 36, 36, 128, 1, 1, 3, 2, 1, 2, 16, 2, 6, 2, 0.110368 
256, 36, 36, 128, 1, 1, 3, 2, 1, 2, 16, 1, 6, 4, 0.113504 
256, 36, 36, 128, 1, 1, 3, 2, 1, 4, 8, 1, 3, 1, 0.095424 
256, 36, 36, 128, 1, 1, 3, 2, 1, 4, 8, 2, 3, 1, 0.093440 
256, 36, 36, 128, 1, 1, 3, 2, 1, 4, 8, 3, 3, 1, 0.093056 
256, 36, 36, 128, 1, 1, 3, 2, 1, 4, 8, 4, 3, 1, 0.093856 
256, 36, 36, 128, 1, 1, 3, 2, 1, 4, 8, 6, 3, 1, 0.107264 
256, 36, 36, 128, 1, 1, 3, 2, 1, 4, 8, 9, 3, 1, 0.113760 
256, 36, 36, 128, 1, 1, 3, 2, 1, 4, 8, 1, 3, 2, 0.092064 
256, 36, 36, 128, 1, 1, 3, 2, 1, 4, 8, 2, 3, 2, 0.088832 
256, 36, 36, 128, 1, 1, 3, 2, 1, 4, 8, 3, 3, 2, 0.103328 
256, 36, 36, 128, 1, 1, 3, 2, 1, 4, 8, 4, 3, 2, 0.105536 
256, 36, 36, 128, 1, 1, 3, 2, 1, 4, 8, 1, 3, 4, 0.095328 
256, 36, 36, 128, 1, 1, 3, 2, 1, 4, 8, 2, 3, 4, 0.109856 
256, 36, 36, 128, 1, 1, 3, 2, 1, 4, 8, 1, 3, 8, 0.113408 
256, 36, 36, 128, 1, 1, 3, 4, 1, 1, 32, 1, 12, 1, 0.099520 
256, 36, 36, 128, 1, 1, 3, 4, 1, 1, 32, 2, 12, 1, 0.118016 
256, 36, 36, 128, 1, 1, 3, 4, 1, 2, 16, 1, 6, 1, 0.094016 
256, 36, 36, 128, 1, 1, 3, 4, 1, 2, 16, 2, 6, 1, 0.091488 
256, 36, 36, 128, 1, 1, 3, 4, 1, 2, 16, 3, 6, 1, 0.107616 
256, 36, 36, 128, 1, 1, 3, 4, 1, 2, 16, 4, 6, 1, 0.114208 
256, 36, 36, 128, 1, 1, 3, 4, 1, 2, 16, 1, 6, 2, 0.100224 
256, 36, 36, 128, 1, 1, 3, 4, 1, 2, 16, 2, 6, 2, 0.117728 
256, 36, 36, 128, 1, 1, 3, 4, 1, 4, 8, 1, 3, 1, 0.091360 
256, 36, 36, 128, 1, 1, 3, 4, 1, 4, 8, 2, 3, 1, 0.088768 
256, 36, 36, 128, 1, 1, 3, 4, 1, 4, 8, 3, 3, 1, 0.089984 
256, 36, 36, 128, 1, 1, 3, 4, 1, 4, 8, 4, 3, 1, 0.089568 
256, 36, 36, 128, 1, 1, 3, 4, 1, 4, 8, 6, 3, 1, 0.104256 
256, 36, 36, 128, 1, 1, 3, 4, 1, 4, 8, 9, 3, 1, 0.112576 
256, 36, 36, 128, 1, 1, 3, 4, 1, 4, 8, 1, 3, 2, 0.094016 
256, 36, 36, 128, 1, 1, 3, 4, 1, 4, 8, 2, 3, 2, 0.091680 
256, 36, 36, 128, 1, 1, 3, 4, 1, 4, 8, 3, 3, 2, 0.109216 
256, 36, 36, 128, 1, 1, 3, 4, 1, 4, 8, 4, 3, 2, 0.114432 
256, 36, 36, 128, 1, 1, 3, 4, 1, 4, 8, 1, 3, 4, 0.100256 
256, 36, 36, 128, 1, 1, 3, 4, 1, 4, 8, 2, 3, 4, 0.118240 
256, 36, 36, 128, 1, 1, 3, 8, 1, 2, 16, 1, 6, 1, 0.096992 
256, 36, 36, 128, 1, 1, 3, 8, 1, 2, 16, 2, 6, 1, 0.097600 
256, 36, 36, 128, 1, 1, 3, 8, 1, 2, 16, 3, 6, 1, 0.125312 
256, 36, 36, 128, 1, 1, 3, 8, 1, 2, 16, 4, 6, 1, 0.128288 
256, 36, 36, 128, 1, 1, 3, 8, 1, 4, 8, 1, 3, 1, 0.093856 
256, 36, 36, 128, 1, 1, 3, 8, 1, 4, 8, 2, 3, 1, 0.092352 
256, 36, 36, 128, 1, 1, 3, 8, 1, 4, 8, 3, 3, 1, 0.094848 
256, 36, 36, 128, 1, 1, 3, 8, 1, 4, 8, 4, 3, 1, 0.095168 
256, 36, 36, 128, 1, 1, 3, 8, 1, 4, 8, 6, 3, 1, 0.118304 
256, 36, 36, 128, 1, 1, 3, 8, 1, 4, 8, 9, 3, 1, 0.131744 
256, 36, 36, 128, 1, 1, 3, 8, 1, 4, 8, 1, 3, 2, 0.098144 
256, 36, 36, 128, 1, 1, 3, 8, 1, 4, 8, 2, 3, 2, 0.099168 
256, 36, 36, 128, 1, 1, 3, 8, 1, 4, 8, 3, 3, 2, 0.124960 
256, 36, 36, 128, 1, 1, 3, 8, 1, 4, 8, 4, 3, 2, 0.128000 
256, 36, 36, 128, 1, 1, 3, 16, 1, 4, 8, 1, 3, 1, 0.105312 
256, 36, 36, 128, 1, 1, 3, 16, 1, 4, 8, 2, 3, 1, 0.108480 
256, 36, 36, 128, 1, 1, 3, 16, 1, 4, 8, 3, 3, 1, 0.128800 
256, 36, 36, 128, 1, 1, 3, 16, 1, 4, 8, 4, 3, 1, 0.138624 
256, 36, 36, 128, 1, 1, 3, 16, 1, 4, 8, 6, 3, 1, 0.010880 
256, 36, 36, 128, 1, 1, 3, 16, 1, 4, 8, 9, 3, 1, 0.009728 
256, 36, 36, 128, 1, 1, 4, 2, 1, 1, 32, 1, 9, 1, 0.095648 
256, 36, 36, 128, 1, 1, 4, 2, 1, 1, 32, 2, 9, 1, 0.104448 
256, 36, 36, 128, 1, 1, 4, 2, 1, 1, 32, 3, 9, 1, 0.112448 
256, 36, 36, 128, 1, 1, 4, 2, 1, 1, 32, 1, 9, 2, 0.105888 
256, 36, 36, 128, 1, 1, 4, 4, 1, 1, 32, 1, 9, 1, 0.102400 
256, 36, 36, 128, 1, 1, 4, 4, 1, 1, 32, 2, 9, 1, 0.111296 
256, 36, 36, 128, 1, 1, 4, 4, 1, 1, 32, 3, 9, 1, 0.123648 
256, 36, 36, 128, 1, 1, 6, 2, 1, 1, 32, 1, 6, 1, 0.095872 
256, 36, 36, 128, 1, 1, 6, 2, 1, 1, 32, 2, 6, 1, 0.092000 
256, 36, 36, 128, 1, 1, 6, 2, 1, 1, 32, 3, 6, 1, 0.104640 
256, 36, 36, 128, 1, 1, 6, 2, 1, 1, 32, 4, 6, 1, 0.112224 
256, 36, 36, 128, 1, 1, 6, 2, 1, 1, 32, 1, 6, 2, 0.099328 
256, 36, 36, 128, 1, 1, 6, 2, 1, 1, 32, 2, 6, 2, 0.115776 
256, 36, 36, 128, 1, 1, 6, 2, 1, 2, 16, 1, 3, 1, 0.090688 
256, 36, 36, 128, 1, 1, 6, 2, 1, 2, 16, 2, 3, 1, 0.089824 
256, 36, 36, 128, 1, 1, 6, 2, 1, 2, 16, 3, 3, 1, 0.088992 
256, 36, 36, 128, 1, 1, 6, 2, 1, 2, 16, 4, 3, 1, 0.089312 
256, 36, 36, 128, 1, 1, 6, 2, 1, 2, 16, 6, 3, 1, 0.100832 
256, 36, 36, 128, 1, 1, 6, 2, 1, 2, 16, 9, 3, 1, 0.110272 
256, 36, 36, 128, 1, 1, 6, 2, 1, 2, 16, 1, 3, 2, 0.094240 
256, 36, 36, 128, 1, 1, 6, 2, 1, 2, 16, 2, 3, 2, 0.092256 
256, 36, 36, 128, 1, 1, 6, 2, 1, 2, 16, 3, 3, 2, 0.104992 
256, 36, 36, 128, 1, 1, 6, 2, 1, 2, 16, 4, 3, 2, 0.112416 
256, 36, 36, 128, 1, 1, 6, 2, 1, 2, 16, 1, 3, 4, 0.099648 
256, 36, 36, 128, 1, 1, 6, 2, 1, 2, 16, 2, 3, 4, 0.116000 
256, 36, 36, 128, 1, 1, 6, 4, 1, 1, 32, 1, 6, 1, 0.098464 
256, 36, 36, 128, 1, 1, 6, 4, 1, 1, 32, 2, 6, 1, 0.099904 
256, 36, 36, 128, 1, 1, 6, 4, 1, 1, 32, 3, 6, 1, 0.111808 
256, 36, 36, 128, 1, 1, 6, 4, 1, 1, 32, 4, 6, 1, 0.129248 
256, 36, 36, 128, 1, 1, 6, 4, 1, 2, 16, 1, 3, 1, 0.093920 
256, 36, 36, 128, 1, 1, 6, 4, 1, 2, 16, 2, 3, 1, 0.094080 
256, 36, 36, 128, 1, 1, 6, 4, 1, 2, 16, 3, 3, 1, 0.093312 
256, 36, 36, 128, 1, 1, 6, 4, 1, 2, 16, 4, 3, 1, 0.095104 
256, 36, 36, 128, 1, 1, 6, 4, 1, 2, 16, 6, 3, 1, 0.107680 
256, 36, 36, 128, 1, 1, 6, 4, 1, 2, 16, 9, 3, 1, 0.119008 
256, 36, 36, 128, 1, 1, 6, 4, 1, 2, 16, 1, 3, 2, 0.098848 
256, 36, 36, 128, 1, 1, 6, 4, 1, 2, 16, 2, 3, 2, 0.098720 
256, 36, 36, 128, 1, 1, 6, 4, 1, 2, 16, 3, 3, 2, 0.111488 
256, 36, 36, 128, 1, 1, 6, 4, 1, 2, 16, 4, 3, 2, 0.130496 
256, 36, 36, 128, 1, 1, 6, 8, 1, 2, 16, 1, 3, 1, 0.101952 
256, 36, 36, 128, 1, 1, 6, 8, 1, 2, 16, 2, 3, 1, 0.100800 
256, 36, 36, 128, 1, 1, 6, 8, 1, 2, 16, 3, 3, 1, 0.107040 
256, 36, 36, 128, 1, 1, 6, 8, 1, 2, 16, 4, 3, 1, 0.110752 
256, 36, 36, 128, 1, 1, 6, 8, 1, 2, 16, 6, 3, 1, 0.011232 
256, 36, 36, 128, 1, 1, 6, 8, 1, 2, 16, 9, 3, 1, 0.010176 
256, 36, 36, 128, 1, 1, 9, 2, 1, 1, 32, 1, 4, 1, 0.093312 
256, 36, 36, 128, 1, 1, 9, 2, 1, 1, 32, 2, 4, 1, 0.090880 
256, 36, 36, 128, 1, 1, 9, 2, 1, 1, 32, 3, 4, 1, 0.092736 
256, 36, 36, 128, 1, 1, 9, 2, 1, 1, 32, 4, 4, 1, 0.099360 
256, 36, 36, 128, 1, 1, 9, 2, 1, 1, 32, 6, 4, 1, 0.112640 
256, 36, 36, 128, 1, 1, 9, 2, 1, 1, 32, 1, 4, 2, 0.097344 
256, 36, 36, 128, 1, 1, 9, 2, 1, 1, 32, 2, 4, 2, 0.101760 
256, 36, 36, 128, 1, 1, 9, 2, 1, 1, 32, 3, 4, 2, 0.119520 
256, 36, 36, 128, 1, 1, 9, 2, 1, 1, 32, 4, 4, 2, 0.010176 
256, 36, 36, 128, 1, 1, 9, 2, 1, 2, 16, 1, 2, 1, 0.092544 
256, 36, 36, 128, 1, 1, 9, 2, 1, 2, 16, 2, 2, 1, 0.090400 
256, 36, 36, 128, 1, 1, 9, 2, 1, 2, 16, 3, 2, 1, 0.090176 
256, 36, 36, 128, 1, 1, 9, 2, 1, 2, 16, 4, 2, 1, 0.091776 
256, 36, 36, 128, 1, 1, 9, 2, 1, 2, 16, 6, 2, 1, 0.092672 
256, 36, 36, 128, 1, 1, 9, 2, 1, 2, 16, 9, 2, 1, 0.098240 
256, 36, 36, 128, 1, 1, 9, 2, 1, 2, 16, 12, 2, 1, 0.107872 
256, 36, 36, 128, 1, 1, 9, 2, 1, 2, 16, 1, 2, 2, 0.094592 
256, 36, 36, 128, 1, 1, 9, 2, 1, 2, 16, 2, 2, 2, 0.091072 
256, 36, 36, 128, 1, 1, 9, 2, 1, 2, 16, 3, 2, 2, 0.092352 
256, 36, 36, 128, 1, 1, 9, 2, 1, 2, 16, 4, 2, 2, 0.098208 
256, 36, 36, 128, 1, 1, 9, 2, 1, 2, 16, 6, 2, 2, 0.115488 
256, 36, 36, 128, 1, 1, 9, 2, 1, 2, 16, 1, 2, 4, 0.097600 
256, 36, 36, 128, 1, 1, 9, 2, 1, 2, 16, 2, 2, 4, 0.099936 
256, 36, 36, 128, 1, 1, 9, 2, 1, 2, 16, 3, 2, 4, 0.120416 
256, 36, 36, 128, 1, 1, 9, 2, 1, 2, 16, 4, 2, 4, 0.010208 
256, 36, 36, 128, 1, 1, 9, 2, 1, 4, 8, 1, 1, 1, 0.099136 
256, 36, 36, 128, 1, 1, 9, 2, 1, 4, 8, 2, 1, 1, 0.095648 
256, 36, 36, 128, 1, 1, 9, 2, 1, 4, 8, 3, 1, 1, 0.094304 
256, 36, 36, 128, 1, 1, 9, 2, 1, 4, 8, 4, 1, 1, 0.095520 
256, 36, 36, 128, 1, 1, 9, 2, 1, 4, 8, 6, 1, 1, 0.098528 
256, 36, 36, 128, 1, 1, 9, 2, 1, 4, 8, 9, 1, 1, 0.097920 
256, 36, 36, 128, 1, 1, 9, 2, 1, 4, 8, 12, 1, 1, 0.099776 
256, 36, 36, 128, 1, 1, 9, 2, 1, 4, 8, 18, 1, 1, 0.106016 
256, 36, 36, 128, 1, 1, 9, 2, 1, 4, 8, 1, 1, 2, 0.093248 
256, 36, 36, 128, 1, 1, 9, 2, 1, 4, 8, 2, 1, 2, 0.090240 
256, 36, 36, 128, 1, 1, 9, 2, 1, 4, 8, 3, 1, 2, 0.090656 
256, 36, 36, 128, 1, 1, 9, 2, 1, 4, 8, 4, 1, 2, 0.091168 
256, 36, 36, 128, 1, 1, 9, 2, 1, 4, 8, 6, 1, 2, 0.091520 
256, 36, 36, 128, 1, 1, 9, 2, 1, 4, 8, 9, 1, 2, 0.099296 
256, 36, 36, 128, 1, 1, 9, 2, 1, 4, 8, 12, 1, 2, 0.107360 
256, 36, 36, 128, 1, 1, 9, 2, 1, 4, 8, 1, 1, 4, 0.093088 
256, 36, 36, 128, 1, 1, 9, 2, 1, 4, 8, 2, 1, 4, 0.092032 
256, 36, 36, 128, 1, 1, 9, 2, 1, 4, 8, 3, 1, 4, 0.093152 
256, 36, 36, 128, 1, 1, 9, 2, 1, 4, 8, 4, 1, 4, 0.099040 
256, 36, 36, 128, 1, 1, 9, 2, 1, 4, 8, 6, 1, 4, 0.114368 
256, 36, 36, 128, 1, 1, 9, 2, 1, 4, 8, 1, 1, 8, 0.096896 
256, 36, 36, 128, 1, 1, 9, 2, 1, 4, 8, 2, 1, 8, 0.099168 
256, 36, 36, 128, 1, 1, 9, 2, 1, 4, 8, 3, 1, 8, 0.118528 
256, 36, 36, 128, 1, 1, 9, 2, 1, 4, 8, 4, 1, 8, 0.009856 
256, 36, 36, 128, 1, 1, 9, 4, 1, 1, 32, 1, 4, 1, 0.097920 
256, 36, 36, 128, 1, 1, 9, 4, 1, 1, 32, 2, 4, 1, 0.098432 
256, 36, 36, 128, 1, 1, 9, 4, 1, 1, 32, 3, 4, 1, 0.102304 
256, 36, 36, 128, 1, 1, 9, 4, 1, 1, 32, 4, 4, 1, 0.117728 
256, 36, 36, 128, 1, 1, 9, 4, 1, 1, 32, 6, 4, 1, 0.010848 
256, 36, 36, 128, 1, 1, 9, 4, 1, 2, 16, 1, 2, 1, 0.094880 
256, 36, 36, 128, 1, 1, 9, 4, 1, 2, 16, 2, 2, 1, 0.093632 
256, 36, 36, 128, 1, 1, 9, 4, 1, 2, 16, 3, 2, 1, 0.095200 
256, 36, 36, 128, 1, 1, 9, 4, 1, 2, 16, 4, 2, 1, 0.095936 
256, 36, 36, 128, 1, 1, 9, 4, 1, 2, 16, 6, 2, 1, 0.099392 
256, 36, 36, 128, 1, 1, 9, 4, 1, 2, 16, 9, 2, 1, 0.112224 
256, 36, 36, 128, 1, 1, 9, 4, 1, 2, 16, 12, 2, 1, 0.127296 
256, 36, 36, 128, 1, 1, 9, 4, 1, 2, 16, 1, 2, 2, 0.099840 
256, 36, 36, 128, 1, 1, 9, 4, 1, 2, 16, 2, 2, 2, 0.099264 
256, 36, 36, 128, 1, 1, 9, 4, 1, 2, 16, 3, 2, 2, 0.102208 
256, 36, 36, 128, 1, 1, 9, 4, 1, 2, 16, 4, 2, 2, 0.116288 
256, 36, 36, 128, 1, 1, 9, 4, 1, 2, 16, 6, 2, 2, 0.010784 
256, 36, 36, 128, 1, 1, 9, 4, 1, 4, 8, 1, 1, 1, 0.095968 
256, 36, 36, 128, 1, 1, 9, 4, 1, 4, 8, 2, 1, 1, 0.092960 
256, 36, 36, 128, 1, 1, 9, 4, 1, 4, 8, 3, 1, 1, 0.093376 
256, 36, 36, 128, 1, 1, 9, 4, 1, 4, 8, 4, 1, 1, 0.093312 
256, 36, 36, 128, 1, 1, 9, 4, 1, 4, 8, 6, 1, 1, 0.094944 
256, 36, 36, 128, 1, 1, 9, 4, 1, 4, 8, 9, 1, 1, 0.098656 
256, 36, 36, 128, 1, 1, 9, 4, 1, 4, 8, 12, 1, 1, 0.099776 
256, 36, 36, 128, 1, 1, 9, 4, 1, 4, 8, 18, 1, 1, 0.108128 
256, 36, 36, 128, 1, 1, 9, 4, 1, 4, 8, 1, 1, 2, 0.096192 
256, 36, 36, 128, 1, 1, 9, 4, 1, 4, 8, 2, 1, 2, 0.093984 
256, 36, 36, 128, 1, 1, 9, 4, 1, 4, 8, 3, 1, 2, 0.094368 
256, 36, 36, 128, 1, 1, 9, 4, 1, 4, 8, 4, 1, 2, 0.096960 
256, 36, 36, 128, 1, 1, 9, 4, 1, 4, 8, 6, 1, 2, 0.098560 
256, 36, 36, 128, 1, 1, 9, 4, 1, 4, 8, 9, 1, 2, 0.111744 
256, 36, 36, 128, 1, 1, 9, 4, 1, 4, 8, 12, 1, 2, 0.126944 
256, 36, 36, 128, 1, 1, 9, 4, 1, 4, 8, 1, 1, 4, 0.098368 
256, 36, 36, 128, 1, 1, 9, 4, 1, 4, 8, 2, 1, 4, 0.098112 
256, 36, 36, 128, 1, 1, 9, 4, 1, 4, 8, 3, 1, 4, 0.102176 
256, 36, 36, 128, 1, 1, 9, 4, 1, 4, 8, 4, 1, 4, 0.115520 
256, 36, 36, 128, 1, 1, 9, 4, 1, 4, 8, 6, 1, 4, 0.009344 
256, 36, 36, 128, 1, 1, 9, 8, 1, 2, 16, 1, 2, 1, 0.108544 
256, 36, 36, 128, 1, 1, 9, 8, 1, 2, 16, 2, 2, 1, 0.107488 
256, 36, 36, 128, 1, 1, 9, 8, 1, 2, 16, 3, 2, 1, 0.109952 
256, 36, 36, 128, 1, 1, 9, 8, 1, 2, 16, 4, 2, 1, 0.112544 
256, 36, 36, 128, 1, 1, 9, 8, 1, 2, 16, 6, 2, 1, 0.120544 
256, 36, 36, 128, 1, 1, 9, 8, 1, 2, 16, 9, 2, 1, 0.009952 
256, 36, 36, 128, 1, 1, 9, 8, 1, 2, 16, 12, 2, 1, 0.009856 
256, 36, 36, 128, 1, 1, 9, 8, 1, 4, 8, 1, 1, 1, 0.106880 
256, 36, 36, 128, 1, 1, 9, 8, 1, 4, 8, 2, 1, 1, 0.104896 
256, 36, 36, 128, 1, 1, 9, 8, 1, 4, 8, 3, 1, 1, 0.105248 
256, 36, 36, 128, 1, 1, 9, 8, 1, 4, 8, 4, 1, 1, 0.104992 
256, 36, 36, 128, 1, 1, 9, 8, 1, 4, 8, 6, 1, 1, 0.106592 
256, 36, 36, 128, 1, 1, 9, 8, 1, 4, 8, 9, 1, 1, 0.112352 
256, 36, 36, 128, 1, 1, 9, 8, 1, 4, 8, 12, 1, 1, 0.115744 
256, 36, 36, 128, 1, 1, 9, 8, 1, 4, 8, 18, 1, 1, 0.011680 
256, 36, 36, 128, 1, 1, 9, 8, 1, 4, 8, 1, 1, 2, 0.108480 
256, 36, 36, 128, 1, 1, 9, 8, 1, 4, 8, 2, 1, 2, 0.107072 
256, 36, 36, 128, 1, 1, 9, 8, 1, 4, 8, 3, 1, 2, 0.109216 
256, 36, 36, 128, 1, 1, 9, 8, 1, 4, 8, 4, 1, 2, 0.112544 
256, 36, 36, 128, 1, 1, 9, 8, 1, 4, 8, 6, 1, 2, 0.120160 
256, 36, 36, 128, 1, 1, 9, 8, 1, 4, 8, 9, 1, 2, 0.011072 
256, 36, 36, 128, 1, 1, 9, 8, 1, 4, 8, 12, 1, 2, 0.009216 
256, 36, 36, 128, 1, 1, 9, 16, 1, 4, 8, 1, 1, 1, 0.203520 
256, 36, 36, 128, 1, 1, 9, 16, 1, 4, 8, 2, 1, 1, 0.202720 
256, 36, 36, 128, 1, 1, 9, 16, 1, 4, 8, 3, 1, 1, 0.207072 
256, 36, 36, 128, 1, 1, 9, 16, 1, 4, 8, 4, 1, 1, 0.211168 
256, 36, 36, 128, 1, 1, 9, 16, 1, 4, 8, 6, 1, 1, 0.223424 
256, 36, 36, 128, 1, 1, 9, 16, 1, 4, 8, 9, 1, 1, 0.249824 
256, 36, 36, 128, 1, 1, 9, 16, 1, 4, 8, 12, 1, 1, 0.271232 
256, 36, 36, 128, 1, 1, 12, 2, 1, 1, 32, 1, 3, 1, 0.101664 
256, 36, 36, 128, 1, 1, 12, 2, 1, 1, 32, 2, 3, 1, 0.093664 
256, 36, 36, 128, 1, 1, 12, 2, 1, 1, 32, 3, 3, 1, 0.096064 
256, 36, 36, 128, 1, 1, 12, 2, 1, 1, 32, 4, 3, 1, 0.097536 
256, 36, 36, 128, 1, 1, 12, 2, 1, 1, 32, 6, 3, 1, 0.114560 
256, 36, 36, 128, 1, 1, 12, 2, 1, 1, 32, 9, 3, 1, 0.127200 
256, 36, 36, 128, 1, 1, 12, 2, 1, 1, 32, 1, 3, 2, 0.096480 
256, 36, 36, 128, 1, 1, 12, 2, 1, 1, 32, 2, 3, 2, 0.096768 
256, 36, 36, 128, 1, 1, 12, 2, 1, 1, 32, 3, 3, 2, 0.114496 
256, 36, 36, 128, 1, 1, 12, 2, 1, 1, 32, 4, 3, 2, 0.123424 
256, 36, 36, 128, 1, 1, 12, 4, 1, 1, 32, 1, 3, 1, 0.103104 
256, 36, 36, 128, 1, 1, 12, 4, 1, 1, 32, 2, 3, 1, 0.103520 
256, 36, 36, 128, 1, 1, 12, 4, 1, 1, 32, 3, 3, 1, 0.109632 
256, 36, 36, 128, 1, 1, 12, 4, 1, 1, 32, 4, 3, 1, 0.111648 
256, 36, 36, 128, 1, 1, 12, 4, 1, 1, 32, 6, 3, 1, 0.010336 
256, 36, 36, 128, 1, 1, 12, 4, 1, 1, 32, 9, 3, 1, 0.009760 
256, 36, 36, 128, 1, 1, 18, 2, 1, 1, 32, 1, 2, 1, 0.099776 
256, 36, 36, 128, 1, 1, 18, 2, 1, 1, 32, 2, 2, 1, 0.097504 
256, 36, 36, 128, 1, 1, 18, 2, 1, 1, 32, 3, 2, 1, 0.099200 
256, 36, 36, 128, 1, 1, 18, 2, 1, 1, 32, 4, 2, 1, 0.099712 
256, 36, 36, 128, 1, 1, 18, 2, 1, 1, 32, 6, 2, 1, 0.105536 
256, 36, 36, 128, 1, 1, 18, 2, 1, 1, 32, 9, 2, 1, 0.113856 
256, 36, 36, 128, 1, 1, 18, 2, 1, 1, 32, 1, 2, 2, 0.098464 
256, 36, 36, 128, 1, 1, 18, 2, 1, 1, 32, 2, 2, 2, 0.097568 
256, 36, 36, 128, 1, 1, 18, 2, 1, 1, 32, 3, 2, 2, 0.099872 
256, 36, 36, 128, 1, 1, 18, 2, 1, 1, 32, 4, 2, 2, 0.109920 
256, 36, 36, 128, 1, 1, 18, 2, 1, 2, 16, 1, 1, 1, 0.099552 
256, 36, 36, 128, 1, 1, 18, 2, 1, 2, 16, 2, 1, 1, 0.097696 
256, 36, 36, 128, 1, 1, 18, 2, 1, 2, 16, 3, 1, 1, 0.095680 
256, 36, 36, 128, 1, 1, 18, 2, 1, 2, 16, 4, 1, 1, 0.097760 
256, 36, 36, 128, 1, 1, 18, 2, 1, 2, 16, 6, 1, 1, 0.100032 
256, 36, 36, 128, 1, 1, 18, 2, 1, 2, 16, 9, 1, 1, 0.101984 
256, 36, 36, 128, 1, 1, 18, 2, 1, 2, 16, 12, 1, 1, 0.105184 
256, 36, 36, 128, 1, 1, 18, 2, 1, 2, 16, 18, 1, 1, 0.113344 
256, 36, 36, 128, 1, 1, 18, 2, 1, 2, 16, 1, 1, 2, 0.099776 
256, 36, 36, 128, 1, 1, 18, 2, 1, 2, 16, 2, 1, 2, 0.097760 
256, 36, 36, 128, 1, 1, 18, 2, 1, 2, 16, 3, 1, 2, 0.098688 
256, 36, 36, 128, 1, 1, 18, 2, 1, 2, 16, 4, 1, 2, 0.100768 
256, 36, 36, 128, 1, 1, 18, 2, 1, 2, 16, 6, 1, 2, 0.105952 
256, 36, 36, 128, 1, 1, 18, 2, 1, 2, 16, 9, 1, 2, 0.115936 
256, 36, 36, 128, 1, 1, 18, 2, 1, 2, 16, 1, 1, 4, 0.098944 
256, 36, 36, 128, 1, 1, 18, 2, 1, 2, 16, 2, 1, 4, 0.098496 
256, 36, 36, 128, 1, 1, 18, 2, 1, 2, 16, 3, 1, 4, 0.099072 
256, 36, 36, 128, 1, 1, 18, 2, 1, 2, 16, 4, 1, 4, 0.110464 
256, 36, 36, 128, 1, 1, 18, 4, 1, 1, 32, 1, 2, 1, 0.112320 
256, 36, 36, 128, 1, 1, 18, 4, 1, 1, 32, 2, 2, 1, 0.110368 
256, 36, 36, 128, 1, 1, 18, 4, 1, 1, 32, 3, 2, 1, 0.112480 
256, 36, 36, 128, 1, 1, 18, 4, 1, 1, 32, 4, 2, 1, 0.115680 
256, 36, 36, 128, 1, 1, 18, 4, 1, 1, 32, 6, 2, 1, 0.121760 
256, 36, 36, 128, 1, 1, 18, 4, 1, 1, 32, 9, 2, 1, 0.011584 
256, 36, 36, 128, 1, 1, 18, 4, 1, 2, 16, 1, 1, 1, 0.108992 
256, 36, 36, 128, 1, 1, 18, 4, 1, 2, 16, 2, 1, 1, 0.106208 
256, 36, 36, 128, 1, 1, 18, 4, 1, 2, 16, 3, 1, 1, 0.106752 
256, 36, 36, 128, 1, 1, 18, 4, 1, 2, 16, 4, 1, 1, 0.110752 
256, 36, 36, 128, 1, 1, 18, 4, 1, 2, 16, 6, 1, 1, 0.109568 
256, 36, 36, 128, 1, 1, 18, 4, 1, 2, 16, 9, 1, 1, 0.115008 
256, 36, 36, 128, 1, 1, 18, 4, 1, 2, 16, 12, 1, 1, 0.120096 
256, 36, 36, 128, 1, 1, 18, 4, 1, 2, 16, 18, 1, 1, 0.011072 
256, 36, 36, 128, 1, 1, 18, 4, 1, 2, 16, 1, 1, 2, 0.111808 
256, 36, 36, 128, 1, 1, 18, 4, 1, 2, 16, 2, 1, 2, 0.109984 
256, 36, 36, 128, 1, 1, 18, 4, 1, 2, 16, 3, 1, 2, 0.113504 
256, 36, 36, 128, 1, 1, 18, 4, 1, 2, 16, 4, 1, 2, 0.115424 
256, 36, 36, 128, 1, 1, 18, 4, 1, 2, 16, 6, 1, 2, 0.121792 
256, 36, 36, 128, 1, 1, 18, 4, 1, 2, 16, 9, 1, 2, 0.010272 
256, 36, 36, 128, 1, 1, 18, 8, 1, 2, 16, 1, 1, 1, 0.176352 
256, 36, 36, 128, 1, 1, 18, 8, 1, 2, 16, 2, 1, 1, 0.173504 
256, 36, 36, 128, 1, 1, 18, 8, 1, 2, 16, 3, 1, 1, 0.174592 
256, 36, 36, 128, 1, 1, 18, 8, 1, 2, 16, 4, 1, 1, 0.179584 
256, 36, 36, 128, 1, 1, 18, 8, 1, 2, 16, 6, 1, 1, 0.185728 
256, 36, 36, 128, 1, 1, 18, 8, 1, 2, 16, 9, 1, 1, 0.196928 
256, 36, 36, 128, 1, 1, 18, 8, 1, 2, 16, 12, 1, 1, 0.207520 
256, 36, 36, 128, 1, 1, 36, 2, 1, 1, 32, 1, 1, 1, 0.104384 
256, 36, 36, 128, 1, 1, 36, 2, 1, 1, 32, 2, 1, 1, 0.102368 
256, 36, 36, 128, 1, 1, 36, 2, 1, 1, 32, 3, 1, 1, 0.101536 
256, 36, 36, 128, 1, 1, 36, 2, 1, 1, 32, 4, 1, 1, 0.102528 
256, 36, 36, 128, 1, 1, 36, 2, 1, 1, 32, 6, 1, 1, 0.102752 
256, 36, 36, 128, 1, 1, 36, 2, 1, 1, 32, 9, 1, 1, 0.109856 
256, 36, 36, 128, 1, 1, 36, 2, 1, 1, 32, 1, 1, 2, 0.104672 
256, 36, 36, 128, 1, 1, 36, 2, 1, 1, 32, 2, 1, 2, 0.103040 
256, 36, 36, 128, 1, 1, 36, 2, 1, 1, 32, 3, 1, 2, 0.104704 
256, 36, 36, 128, 1, 1, 36, 2, 1, 1, 32, 4, 1, 2, 0.106368 
256, 36, 36, 128, 1, 1, 36, 4, 1, 1, 32, 1, 1, 1, 0.132736 
256, 36, 36, 128, 1, 1, 36, 4, 1, 1, 32, 2, 1, 1, 0.130240 
256, 36, 36, 128, 1, 1, 36, 4, 1, 1, 32, 3, 1, 1, 0.128416 
256, 36, 36, 128, 1, 1, 36, 4, 1, 1, 32, 4, 1, 1, 0.130592 
256, 36, 36, 128, 1, 1, 36, 4, 1, 1, 32, 6, 1, 1, 0.137216 
256, 36, 36, 128, 1, 1, 36, 4, 1, 1, 32, 9, 1, 1, 0.011200 
64, 12, 12, 64, 1, 1, 1, 2, 1, 2, 16, 1, 6, 1, 0.051136 
64, 12, 12, 64, 1, 1, 1, 2, 1, 2, 16, 2, 6, 1, 0.052672 
64, 12, 12, 64, 1, 1, 1, 2, 1, 2, 16, 3, 6, 1, 0.056832 
64, 12, 12, 64, 1, 1, 1, 2, 1, 2, 16, 4, 6, 1, 0.061024 
64, 12, 12, 64, 1, 1, 1, 2, 1, 4, 8, 1, 3, 1, 0.052896 
64, 12, 12, 64, 1, 1, 1, 2, 1, 4, 8, 2, 3, 1, 0.053344 
64, 12, 12, 64, 1, 1, 1, 2, 1, 4, 8, 3, 3, 1, 0.055648 
64, 12, 12, 64, 1, 1, 1, 2, 1, 4, 8, 4, 3, 1, 0.056800 
64, 12, 12, 64, 1, 1, 1, 2, 1, 4, 8, 6, 3, 1, 0.060352 
64, 12, 12, 64, 1, 1, 1, 2, 1, 4, 8, 1, 3, 2, 0.050688 
64, 12, 12, 64, 1, 1, 1, 2, 1, 4, 8, 2, 3, 2, 0.059744 
64, 12, 12, 64, 1, 1, 1, 2, 1, 4, 8, 3, 3, 2, 0.058720 
64, 12, 12, 64, 1, 1, 1, 2, 1, 4, 8, 4, 3, 2, 0.060320 
64, 12, 12, 64, 1, 1, 1, 4, 1, 4, 8, 1, 3, 1, 0.051360 
64, 12, 12, 64, 1, 1, 1, 4, 1, 4, 8, 2, 3, 1, 0.051872 
64, 12, 12, 64, 1, 1, 1, 4, 1, 4, 8, 3, 3, 1, 0.056256 
64, 12, 12, 64, 1, 1, 1, 4, 1, 4, 8, 4, 3, 1, 0.055328 
64, 12, 12, 64, 1, 1, 1, 4, 1, 4, 8, 6, 3, 1, 0.056832 
64, 12, 12, 64, 1, 1, 2, 2, 1, 2, 16, 1, 3, 1, 0.050656 
64, 12, 12, 64, 1, 1, 2, 2, 1, 2, 16, 2, 3, 1, 0.051520 
64, 12, 12, 64, 1, 1, 2, 2, 1, 2, 16, 3, 3, 1, 0.053952 
64, 12, 12, 64, 1, 1, 2, 2, 1, 2, 16, 4, 3, 1, 0.053760 
64, 12, 12, 64, 1, 1, 2, 2, 1, 2, 16, 6, 3, 1, 0.056800 
64, 12, 12, 64, 1, 1, 3, 2, 1, 2, 16, 1, 2, 1, 0.050912 
64, 12, 12, 64, 1, 1, 3, 2, 1, 2, 16, 2, 2, 1, 0.050656 
64, 12, 12, 64, 1, 1, 3, 2, 1, 2, 16, 3, 2, 1, 0.051904 
64, 12, 12, 64, 1, 1, 3, 2, 1, 2, 16, 4, 2, 1, 0.052480 
64, 12, 12, 64, 1, 1, 3, 2, 1, 2, 16, 6, 2, 1, 0.050336 
64, 12, 12, 64, 1, 1, 3, 2, 1, 2, 16, 12, 2, 1, 0.060448 
64, 12, 12, 64, 1, 1, 3, 2, 1, 4, 8, 1, 1, 1, 0.053440 
64, 12, 12, 64, 1, 1, 3, 2, 1, 4, 8, 2, 1, 1, 0.053600 
64, 12, 12, 64, 1, 1, 3, 2, 1, 4, 8, 3, 1, 1, 0.055456 
64, 12, 12, 64, 1, 1, 3, 2, 1, 4, 8, 4, 1, 1, 0.053856 
64, 12, 12, 64, 1, 1, 3, 2, 1, 4, 8, 6, 1, 1, 0.053888 
64, 12, 12, 64, 1, 1, 3, 2, 1, 4, 8, 12, 1, 1, 0.052512 
64, 12, 12, 64, 1, 1, 3, 2, 1, 4, 8, 1, 1, 2, 0.051520 
64, 12, 12, 64, 1, 1, 3, 2, 1, 4, 8, 2, 1, 2, 0.050368 
64, 12, 12, 64, 1, 1, 3, 2, 1, 4, 8, 3, 1, 2, 0.051680 
64, 12, 12, 64, 1, 1, 3, 2, 1, 4, 8, 4, 1, 2, 0.052832 
64, 12, 12, 64, 1, 1, 3, 2, 1, 4, 8, 6, 1, 2, 0.050752 
64, 12, 12, 64, 1, 1, 3, 2, 1, 4, 8, 12, 1, 2, 0.059776 
64, 12, 12, 64, 1, 1, 3, 4, 1, 4, 8, 1, 1, 1, 0.054464 
64, 12, 12, 64, 1, 1, 3, 4, 1, 4, 8, 2, 1, 1, 0.051968 
64, 12, 12, 64, 1, 1, 3, 4, 1, 4, 8, 3, 1, 1, 0.052832 
64, 12, 12, 64, 1, 1, 3, 4, 1, 4, 8, 4, 1, 1, 0.052960 
64, 12, 12, 64, 1, 1, 3, 4, 1, 4, 8, 6, 1, 1, 0.051328 
64, 12, 12, 64, 1, 1, 3, 4, 1, 4, 8, 12, 1, 1, 0.052352 
64, 12, 12, 64, 1, 1, 6, 2, 1, 2, 16, 1, 1, 1, 0.052352 
64, 12, 12, 64, 1, 1, 6, 2, 1, 2, 16, 2, 1, 1, 0.052160 
64, 12, 12, 64, 1, 1, 6, 2, 1, 2, 16, 3, 1, 1, 0.052864 
64, 12, 12, 64, 1, 1, 6, 2, 1, 2, 16, 4, 1, 1, 0.052960 
64, 12, 12, 64, 1, 1, 6, 2, 1, 2, 16, 6, 1, 1, 0.050720 
64, 12, 12, 64, 1, 1, 6, 2, 1, 2, 16, 12, 1, 1, 0.052288 
32, 500, 500, 3, 1, 1, 5, 2, 1, 4, 8, 1, 25, 1, 0.086528 
32, 500, 500, 3, 1, 1, 25, 2, 1, 4, 8, 1, 5, 1, 0.180928 
32, 500, 500, 3, 1, 1, 25, 2, 1, 4, 8, 2, 5, 1, 0.165024 
1024, 32, 32, 1024, 1, 1, 1, 2, 1, 1, 32, 1, 32, 1, 6.223680 
1024, 32, 32, 1024, 1, 1, 1, 2, 1, 2, 16, 1, 16, 1, 3.636608 
1024, 32, 32, 1024, 1, 1, 1, 2, 1, 2, 16, 2, 16, 1, 5.229504 
1024, 32, 32, 1024, 1, 1, 1, 2, 1, 2, 16, 1, 16, 2, 6.206944 
1024, 32, 32, 1024, 1, 1, 1, 2, 1, 4, 8, 1, 8, 1, 3.863296 
1024, 32, 32, 1024, 1, 1, 1, 2, 1, 4, 8, 2, 8, 1, 3.917440 
1024, 32, 32, 1024, 1, 1, 1, 2, 1, 4, 8, 4, 8, 1, 5.960000 
1024, 32, 32, 1024, 1, 1, 1, 2, 1, 4, 8, 1, 8, 2, 3.623680 
1024, 32, 32, 1024, 1, 1, 1, 2, 1, 4, 8, 2, 8, 2, 5.245216 
1024, 32, 32, 1024, 1, 1, 1, 2, 1, 4, 8, 1, 8, 4, 6.224448 
1024, 32, 32, 1024, 1, 1, 1, 2, 1, 8, 4, 1, 4, 1, 3.812064 
1024, 32, 32, 1024, 1, 1, 1, 2, 1, 8, 4, 2, 4, 1, 3.855296 
1024, 32, 32, 1024, 1, 1, 1, 2, 1, 8, 4, 4, 4, 1, 3.992320 
1024, 32, 32, 1024, 1, 1, 1, 2, 1, 8, 4, 8, 4, 1, 6.584704 
1024, 32, 32, 1024, 1, 1, 1, 2, 1, 8, 4, 1, 4, 2, 3.839616 
1024, 32, 32, 1024, 1, 1, 1, 2, 1, 8, 4, 2, 4, 2, 3.977120 
1024, 32, 32, 1024, 1, 1, 1, 2, 1, 8, 4, 4, 4, 2, 5.959584 
1024, 32, 32, 1024, 1, 1, 1, 2, 1, 8, 4, 1, 4, 4, 3.619040 
1024, 32, 32, 1024, 1, 1, 1, 2, 1, 8, 4, 2, 4, 4, 5.249312 
1024, 32, 32, 1024, 1, 1, 1, 2, 1, 8, 4, 1, 4, 8, 6.210912 
1024, 32, 32, 1024, 1, 1, 1, 2, 1, 16, 2, 1, 2, 1, 3.861472 
1024, 32, 32, 1024, 1, 1, 1, 2, 1, 16, 2, 2, 2, 1, 3.784160 
1024, 32, 32, 1024, 1, 1, 1, 2, 1, 16, 2, 4, 2, 1, 3.855136 
1024, 32, 32, 1024, 1, 1, 1, 2, 1, 16, 2, 8, 2, 1, 4.141856 
1024, 32, 32, 1024, 1, 1, 1, 2, 1, 16, 2, 16, 2, 1, 6.772352 
1024, 32, 32, 1024, 1, 1, 1, 2, 1, 16, 2, 1, 2, 2, 3.816032 
1024, 32, 32, 1024, 1, 1, 1, 2, 1, 16, 2, 2, 2, 2, 3.907584 
1024, 32, 32, 1024, 1, 1, 1, 2, 1, 16, 2, 4, 2, 2, 3.988000 
1024, 32, 32, 1024, 1, 1, 1, 2, 1, 16, 2, 8, 2, 2, 6.584032 
1024, 32, 32, 1024, 1, 1, 1, 2, 1, 16, 2, 1, 2, 4, 3.840064 
1024, 32, 32, 1024, 1, 1, 1, 2, 1, 16, 2, 2, 2, 4, 3.983232 
1024, 32, 32, 1024, 1, 1, 1, 2, 1, 16, 2, 4, 2, 4, 5.961440 
1024, 32, 32, 1024, 1, 1, 1, 2, 1, 16, 2, 1, 2, 8, 3.641856 
1024, 32, 32, 1024, 1, 1, 1, 2, 1, 16, 2, 2, 2, 8, 5.232448 
1024, 32, 32, 1024, 1, 1, 1, 2, 1, 16, 2, 1, 2, 16, 6.223360 
1024, 32, 32, 1024, 1, 1, 1, 2, 1, 32, 1, 1, 1, 1, 5.414048 
1024, 32, 32, 1024, 1, 1, 1, 2, 1, 32, 1, 2, 1, 1, 4.175744 
1024, 32, 32, 1024, 1, 1, 1, 2, 1, 32, 1, 4, 1, 1, 4.222144 
1024, 32, 32, 1024, 1, 1, 1, 2, 1, 32, 1, 8, 1, 1, 4.546144 
1024, 32, 32, 1024, 1, 1, 1, 2, 1, 32, 1, 16, 1, 1, 5.898944 
1024, 32, 32, 1024, 1, 1, 1, 2, 1, 32, 1, 32, 1, 1, 6.247616 
1024, 32, 32, 1024, 1, 1, 1, 2, 1, 32, 1, 1, 1, 2, 3.857920 
1024, 32, 32, 1024, 1, 1, 1, 2, 1, 32, 1, 2, 1, 2, 3.797376 
1024, 32, 32, 1024, 1, 1, 1, 2, 1, 32, 1, 4, 1, 2, 3.835136 
1024, 32, 32, 1024, 1, 1, 1, 2, 1, 32, 1, 8, 1, 2, 4.127616 
1024, 32, 32, 1024, 1, 1, 1, 2, 1, 32, 1, 16, 1, 2, 6.777568 
1024, 32, 32, 1024, 1, 1, 1, 2, 1, 32, 1, 1, 1, 4, 3.811104 
1024, 32, 32, 1024, 1, 1, 1, 2, 1, 32, 1, 2, 1, 4, 3.852320 
1024, 32, 32, 1024, 1, 1, 1, 2, 1, 32, 1, 4, 1, 4, 3.988320 
1024, 32, 32, 1024, 1, 1, 1, 2, 1, 32, 1, 8, 1, 4, 6.601408 
1024, 32, 32, 1024, 1, 1, 1, 2, 1, 32, 1, 1, 1, 8, 3.861888 
1024, 32, 32, 1024, 1, 1, 1, 2, 1, 32, 1, 2, 1, 8, 3.956128 
1024, 32, 32, 1024, 1, 1, 1, 2, 1, 32, 1, 4, 1, 8, 5.968992 
1024, 32, 32, 1024, 1, 1, 1, 2, 1, 32, 1, 1, 1, 16, 3.647456 
1024, 32, 32, 1024, 1, 1, 1, 2, 1, 32, 1, 2, 1, 16, 5.239168 
1024, 32, 32, 1024, 1, 1, 1, 2, 1, 32, 1, 1, 1, 32, 6.198048 
1024, 32, 32, 1024, 1, 1, 1, 4, 1, 1, 32, 1, 32, 1, 3.825280 
1024, 32, 32, 1024, 1, 1, 1, 4, 1, 2, 16, 1, 16, 1, 3.046016 
1024, 32, 32, 1024, 1, 1, 1, 4, 1, 2, 16, 2, 16, 1, 3.497408 
1024, 32, 32, 1024, 1, 1, 1, 4, 1, 2, 16, 1, 16, 2, 3.812320 
1024, 32, 32, 1024, 1, 1, 1, 4, 1, 4, 8, 1, 8, 1, 2.402496 
1024, 32, 32, 1024, 1, 1, 1, 4, 1, 4, 8, 2, 8, 1, 3.175936 
1024, 32, 32, 1024, 1, 1, 1, 4, 1, 4, 8, 4, 8, 1, 3.858272 
1024, 32, 32, 1024, 1, 1, 1, 4, 1, 4, 8, 1, 8, 2, 3.053728 
1024, 32, 32, 1024, 1, 1, 1, 4, 1, 4, 8, 2, 8, 2, 3.498816 
1024, 32, 32, 1024, 1, 1, 1, 4, 1, 4, 8, 1, 8, 4, 3.818624 
1024, 32, 32, 1024, 1, 1, 1, 4, 1, 8, 4, 1, 4, 1, 2.537568 
1024, 32, 32, 1024, 1, 1, 1, 4, 1, 8, 4, 2, 4, 1, 2.528352 
1024, 32, 32, 1024, 1, 1, 1, 4, 1, 8, 4, 4, 4, 1, 3.314528 
1024, 32, 32, 1024, 1, 1, 1, 4, 1, 8, 4, 8, 4, 1, 3.987008 
1024, 32, 32, 1024, 1, 1, 1, 4, 1, 8, 4, 1, 4, 2, 2.357184 
1024, 32, 32, 1024, 1, 1, 1, 4, 1, 8, 4, 2, 4, 2, 3.187840 
1024, 32, 32, 1024, 1, 1, 1, 4, 1, 8, 4, 4, 4, 2, 3.866240 
1024, 32, 32, 1024, 1, 1, 1, 4, 1, 8, 4, 1, 4, 4, 3.058496 
1024, 32, 32, 1024, 1, 1, 1, 4, 1, 8, 4, 2, 4, 4, 3.507776 
1024, 32, 32, 1024, 1, 1, 1, 4, 1, 8, 4, 1, 4, 8, 3.823936 
1024, 32, 32, 1024, 1, 1, 1, 4, 1, 16, 2, 1, 2, 1, 2.537856 
1024, 32, 32, 1024, 1, 1, 1, 4, 1, 16, 2, 2, 2, 1, 2.557280 
1024, 32, 32, 1024, 1, 1, 1, 4, 1, 16, 2, 4, 2, 1, 2.647520 
1024, 32, 32, 1024, 1, 1, 1, 4, 1, 16, 2, 8, 2, 1, 3.541184 
1024, 32, 32, 1024, 1, 1, 1, 4, 1, 16, 2, 16, 2, 1, 4.245472 
1024, 32, 32, 1024, 1, 1, 1, 4, 1, 16, 2, 1, 2, 2, 2.529600 
1024, 32, 32, 1024, 1, 1, 1, 4, 1, 16, 2, 2, 2, 2, 2.587904 
1024, 32, 32, 1024, 1, 1, 1, 4, 1, 16, 2, 4, 2, 2, 3.311328 
1024, 32, 32, 1024, 1, 1, 1, 4, 1, 16, 2, 8, 2, 2, 4.012832 
1024, 32, 32, 1024, 1, 1, 1, 4, 1, 16, 2, 1, 2, 4, 2.378752 
1024, 32, 32, 1024, 1, 1, 1, 4, 1, 16, 2, 2, 2, 4, 3.171616 
1024, 32, 32, 1024, 1, 1, 1, 4, 1, 16, 2, 4, 2, 4, 3.858560 
1024, 32, 32, 1024, 1, 1, 1, 4, 1, 16, 2, 1, 2, 8, 3.031904 
1024, 32, 32, 1024, 1, 1, 1, 4, 1, 16, 2, 2, 2, 8, 3.506624 
1024, 32, 32, 1024, 1, 1, 1, 4, 1, 16, 2, 1, 2, 16, 3.824704 
1024, 32, 32, 1024, 1, 1, 1, 4, 1, 32, 1, 1, 1, 1, 3.187840 
1024, 32, 32, 1024, 1, 1, 1, 4, 1, 32, 1, 2, 1, 1, 2.573632 
1024, 32, 32, 1024, 1, 1, 1, 4, 1, 32, 1, 4, 1, 1, 2.640320 
1024, 32, 32, 1024, 1, 1, 1, 4, 1, 32, 1, 8, 1, 1, 2.750240 
1024, 32, 32, 1024, 1, 1, 1, 4, 1, 32, 1, 16, 1, 1, 3.614624 
1024, 32, 32, 1024, 1, 1, 1, 4, 1, 32, 1, 32, 1, 1, 4.283872 
1024, 32, 32, 1024, 1, 1, 1, 4, 1, 32, 1, 1, 1, 2, 2.529376 
1024, 32, 32, 1024, 1, 1, 1, 4, 1, 32, 1, 2, 1, 2, 2.564256 
1024, 32, 32, 1024, 1, 1, 1, 4, 1, 32, 1, 4, 1, 2, 2.651744 
1024, 32, 32, 1024, 1, 1, 1, 4, 1, 32, 1, 8, 1, 2, 3.545280 
1024, 32, 32, 1024, 1, 1, 1, 4, 1, 32, 1, 16, 1, 2, 4.240640 
1024, 32, 32, 1024, 1, 1, 1, 4, 1, 32, 1, 1, 1, 4, 2.532704 
1024, 32, 32, 1024, 1, 1, 1, 4, 1, 32, 1, 2, 1, 4, 2.518304 
1024, 32, 32, 1024, 1, 1, 1, 4, 1, 32, 1, 4, 1, 4, 3.298496 
1024, 32, 32, 1024, 1, 1, 1, 4, 1, 32, 1, 8, 1, 4, 3.998752 
1024, 32, 32, 1024, 1, 1, 1, 4, 1, 32, 1, 1, 1, 8, 2.366528 
1024, 32, 32, 1024, 1, 1, 1, 4, 1, 32, 1, 2, 1, 8, 3.192192 
1024, 32, 32, 1024, 1, 1, 1, 4, 1, 32, 1, 4, 1, 8, 3.864064 
1024, 32, 32, 1024, 1, 1, 1, 4, 1, 32, 1, 1, 1, 16, 3.062656 
1024, 32, 32, 1024, 1, 1, 1, 4, 1, 32, 1, 2, 1, 16, 3.515200 
1024, 32, 32, 1024, 1, 1, 1, 4, 1, 32, 1, 1, 1, 32, 3.812896 
1024, 32, 32, 1024, 1, 1, 1, 8, 1, 1, 32, 1, 32, 1, 2.481248 
1024, 32, 32, 1024, 1, 1, 1, 8, 1, 2, 16, 1, 16, 1, 1.946496 
1024, 32, 32, 1024, 1, 1, 1, 8, 1, 2, 16, 2, 16, 1, 2.233824 
1024, 32, 32, 1024, 1, 1, 1, 8, 1, 2, 16, 1, 16, 2, 2.482816 
1024, 32, 32, 1024, 1, 1, 1, 8, 1, 4, 8, 1, 8, 1, 1.831904 
1024, 32, 32, 1024, 1, 1, 1, 8, 1, 4, 8, 2, 8, 1, 1.967424 
1024, 32, 32, 1024, 1, 1, 1, 8, 1, 4, 8, 4, 8, 1, 2.205440 
1024, 32, 32, 1024, 1, 1, 1, 8, 1, 4, 8, 1, 8, 2, 1.943072 
1024, 32, 32, 1024, 1, 1, 1, 8, 1, 4, 8, 2, 8, 2, 2.235488 
1024, 32, 32, 1024, 1, 1, 1, 8, 1, 4, 8, 1, 8, 4, 2.478560 
1024, 32, 32, 1024, 1, 1, 1, 8, 1, 8, 4, 1, 4, 1, 1.730688 
1024, 32, 32, 1024, 1, 1, 1, 8, 1, 8, 4, 2, 4, 1, 1.730368 
1024, 32, 32, 1024, 1, 1, 1, 8, 1, 8, 4, 4, 4, 1, 1.842176 
1024, 32, 32, 1024, 1, 1, 1, 8, 1, 8, 4, 8, 4, 1, 2.286176 
1024, 32, 32, 1024, 1, 1, 1, 8, 1, 8, 4, 1, 4, 2, 1.835488 
1024, 32, 32, 1024, 1, 1, 1, 8, 1, 8, 4, 2, 4, 2, 1.961216 
1024, 32, 32, 1024, 1, 1, 1, 8, 1, 8, 4, 4, 4, 2, 2.203488 
1024, 32, 32, 1024, 1, 1, 1, 8, 1, 8, 4, 1, 4, 4, 1.946688 
1024, 32, 32, 1024, 1, 1, 1, 8, 1, 8, 4, 2, 4, 4, 2.230592 
1024, 32, 32, 1024, 1, 1, 1, 8, 1, 8, 4, 1, 4, 8, 2.481024 
1024, 32, 32, 1024, 1, 1, 1, 8, 1, 16, 2, 1, 2, 1, 1.844864 
1024, 32, 32, 1024, 1, 1, 1, 8, 1, 16, 2, 2, 2, 1, 1.846048 
1024, 32, 32, 1024, 1, 1, 1, 8, 1, 16, 2, 4, 2, 1, 1.892704 
1024, 32, 32, 1024, 1, 1, 1, 8, 1, 16, 2, 8, 2, 1, 1.972992 
1024, 32, 32, 1024, 1, 1, 1, 8, 1, 16, 2, 16, 2, 1, 2.332352 
1024, 32, 32, 1024, 1, 1, 1, 8, 1, 16, 2, 1, 2, 2, 1.733888 
1024, 32, 32, 1024, 1, 1, 1, 8, 1, 16, 2, 2, 2, 2, 1.725568 
1024, 32, 32, 1024, 1, 1, 1, 8, 1, 16, 2, 4, 2, 2, 1.848480 
1024, 32, 32, 1024, 1, 1, 1, 8, 1, 16, 2, 8, 2, 2, 2.288160 
1024, 32, 32, 1024, 1, 1, 1, 8, 1, 16, 2, 1, 2, 4, 1.834368 
1024, 32, 32, 1024, 1, 1, 1, 8, 1, 16, 2, 2, 2, 4, 1.957184 
1024, 32, 32, 1024, 1, 1, 1, 8, 1, 16, 2, 4, 2, 4, 2.198944 
1024, 32, 32, 1024, 1, 1, 1, 8, 1, 16, 2, 1, 2, 8, 1.946720 
1024, 32, 32, 1024, 1, 1, 1, 8, 1, 16, 2, 2, 2, 8, 2.232512 
1024, 32, 32, 1024, 1, 1, 1, 8, 1, 16, 2, 1, 2, 16, 2.481088 
1024, 32, 32, 1024, 1, 1, 1, 8, 1, 32, 1, 1, 1, 1, 1.835040 
1024, 32, 32, 1024, 1, 1, 1, 8, 1, 32, 1, 2, 1, 1, 1.856992 
1024, 32, 32, 1024, 1, 1, 1, 8, 1, 32, 1, 4, 1, 1, 1.869920 
1024, 32, 32, 1024, 1, 1, 1, 8, 1, 32, 1, 8, 1, 1, 1.911680 
1024, 32, 32, 1024, 1, 1, 1, 8, 1, 32, 1, 16, 1, 1, 2.039840 
1024, 32, 32, 1024, 1, 1, 1, 8, 1, 32, 1, 32, 1, 1, 2.321824 
1024, 32, 32, 1024, 1, 1, 1, 8, 1, 32, 1, 1, 1, 2, 1.829920 
1024, 32, 32, 1024, 1, 1, 1, 8, 1, 32, 1, 2, 1, 2, 1.844032 
1024, 32, 32, 1024, 1, 1, 1, 8, 1, 32, 1, 4, 1, 2, 1.814784 
1024, 32, 32, 1024, 1, 1, 1, 8, 1, 32, 1, 8, 1, 2, 1.982752 
1024, 32, 32, 1024, 1, 1, 1, 8, 1, 32, 1, 16, 1, 2, 2.328960 
1024, 32, 32, 1024, 1, 1, 1, 8, 1, 32, 1, 1, 1, 4, 1.728544 
1024, 32, 32, 1024, 1, 1, 1, 8, 1, 32, 1, 2, 1, 4, 1.730368 
1024, 32, 32, 1024, 1, 1, 1, 8, 1, 32, 1, 4, 1, 4, 1.843104 
1024, 32, 32, 1024, 1, 1, 1, 8, 1, 32, 1, 8, 1, 4, 2.286720 
1024, 32, 32, 1024, 1, 1, 1, 8, 1, 32, 1, 1, 1, 8, 1.834880 
1024, 32, 32, 1024, 1, 1, 1, 8, 1, 32, 1, 2, 1, 8, 1.960064 
1024, 32, 32, 1024, 1, 1, 1, 8, 1, 32, 1, 4, 1, 8, 2.208832 
1024, 32, 32, 1024, 1, 1, 1, 8, 1, 32, 1, 1, 1, 16, 1.947584 
1024, 32, 32, 1024, 1, 1, 1, 8, 1, 32, 1, 2, 1, 16, 2.236128 
1024, 32, 32, 1024, 1, 1, 1, 8, 1, 32, 1, 1, 1, 32, 2.480704 
1024, 32, 32, 1024, 1, 1, 1, 16, 1, 1, 32, 1, 32, 1, 0.005952 
1024, 32, 32, 1024, 1, 1, 1, 16, 1, 2, 16, 1, 16, 1, 2.830624 
1024, 32, 32, 1024, 1, 1, 1, 16, 1, 2, 16, 2, 16, 1, 0.005376 
1024, 32, 32, 1024, 1, 1, 1, 16, 1, 2, 16, 1, 16, 2, 0.006624 
1024, 32, 32, 1024, 1, 1, 1, 16, 1, 4, 8, 1, 8, 1, 2.440928 
1024, 32, 32, 1024, 1, 1, 1, 16, 1, 4, 8, 2, 8, 1, 2.646720 
1024, 32, 32, 1024, 1, 1, 1, 16, 1, 4, 8, 4, 8, 1, 0.004544 
1024, 32, 32, 1024, 1, 1, 1, 16, 1, 4, 8, 1, 8, 2, 2.824928 
1024, 32, 32, 1024, 1, 1, 1, 16, 1, 4, 8, 2, 8, 2, 0.004512 
1024, 32, 32, 1024, 1, 1, 1, 16, 1, 4, 8, 1, 8, 4, 0.006240 
1024, 32, 32, 1024, 1, 1, 1, 16, 1, 8, 4, 1, 4, 1, 1.060768 
1024, 32, 32, 1024, 1, 1, 1, 16, 1, 8, 4, 2, 4, 1, 1.085248 
1024, 32, 32, 1024, 1, 1, 1, 16, 1, 8, 4, 4, 4, 1, 1.094624 
1024, 32, 32, 1024, 1, 1, 1, 16, 1, 8, 4, 8, 4, 1, 1.503040 
1024, 32, 32, 1024, 1, 1, 1, 16, 1, 8, 4, 1, 4, 2, 2.438688 
1024, 32, 32, 1024, 1, 1, 1, 16, 1, 8, 4, 2, 4, 2, 2.646144 
1024, 32, 32, 1024, 1, 1, 1, 16, 1, 8, 4, 4, 4, 2, 0.006304 
1024, 32, 32, 1024, 1, 1, 1, 16, 1, 8, 4, 1, 4, 4, 2.821472 
1024, 32, 32, 1024, 1, 1, 1, 16, 1, 8, 4, 2, 4, 4, 0.005216 
1024, 32, 32, 1024, 1, 1, 1, 16, 1, 8, 4, 1, 4, 8, 0.004768 
1024, 32, 32, 1024, 1, 1, 1, 16, 1, 16, 2, 1, 2, 1, 0.906400 
1024, 32, 32, 1024, 1, 1, 1, 16, 1, 16, 2, 2, 2, 1, 0.898624 
1024, 32, 32, 1024, 1, 1, 1, 16, 1, 16, 2, 4, 2, 1, 0.923616 
1024, 32, 32, 1024, 1, 1, 1, 16, 1, 16, 2, 8, 2, 1, 0.984928 
1024, 32, 32, 1024, 1, 1, 1, 16, 1, 16, 2, 16, 2, 1, 1.142368 
1024, 32, 32, 1024, 1, 1, 1, 16, 1, 16, 2, 1, 2, 2, 1.061760 
1024, 32, 32, 1024, 1, 1, 1, 16, 1, 16, 2, 2, 2, 2, 1.086336 
1024, 32, 32, 1024, 1, 1, 1, 16, 1, 16, 2, 4, 2, 2, 1.092192 
1024, 32, 32, 1024, 1, 1, 1, 16, 1, 16, 2, 8, 2, 2, 1.504736 
1024, 32, 32, 1024, 1, 1, 1, 16, 1, 16, 2, 1, 2, 4, 2.440704 
1024, 32, 32, 1024, 1, 1, 1, 16, 1, 16, 2, 2, 2, 4, 2.646496 
1024, 32, 32, 1024, 1, 1, 1, 16, 1, 16, 2, 4, 2, 4, 0.004960 
1024, 32, 32, 1024, 1, 1, 1, 16, 1, 16, 2, 1, 2, 8, 2.826880 
1024, 32, 32, 1024, 1, 1, 1, 16, 1, 16, 2, 2, 2, 8, 0.007584 
1024, 32, 32, 1024, 1, 1, 1, 16, 1, 16, 2, 1, 2, 16, 0.004736 
1024, 32, 32, 1024, 1, 1, 1, 16, 1, 32, 1, 1, 1, 1, 0.975776 
1024, 32, 32, 1024, 1, 1, 1, 16, 1, 32, 1, 2, 1, 1, 0.955232 
1024, 32, 32, 1024, 1, 1, 1, 16, 1, 32, 1, 4, 1, 1, 0.956672 
1024, 32, 32, 1024, 1, 1, 1, 16, 1, 32, 1, 8, 1, 1, 0.979424 
1024, 32, 32, 1024, 1, 1, 1, 16, 1, 32, 1, 16, 1, 1, 1.034560 
1024, 32, 32, 1024, 1, 1, 1, 16, 1, 32, 1, 32, 1, 1, 1.202816 
1024, 32, 32, 1024, 1, 1, 1, 16, 1, 32, 1, 1, 1, 2, 0.906912 
1024, 32, 32, 1024, 1, 1, 1, 16, 1, 32, 1, 2, 1, 2, 0.893408 
1024, 32, 32, 1024, 1, 1, 1, 16, 1, 32, 1, 4, 1, 2, 0.919264 
1024, 32, 32, 1024, 1, 1, 1, 16, 1, 32, 1, 8, 1, 2, 0.979680 
1024, 32, 32, 1024, 1, 1, 1, 16, 1, 32, 1, 16, 1, 2, 1.142016 
1024, 32, 32, 1024, 1, 1, 1, 16, 1, 32, 1, 1, 1, 4, 1.061920 
1024, 32, 32, 1024, 1, 1, 1, 16, 1, 32, 1, 2, 1, 4, 1.084832 
1024, 32, 32, 1024, 1, 1, 1, 16, 1, 32, 1, 4, 1, 4, 1.094976 
1024, 32, 32, 1024, 1, 1, 1, 16, 1, 32, 1, 8, 1, 4, 1.500544 
1024, 32, 32, 1024, 1, 1, 1, 16, 1, 32, 1, 1, 1, 8, 2.443040 
1024, 32, 32, 1024, 1, 1, 1, 16, 1, 32, 1, 2, 1, 8, 2.648768 
1024, 32, 32, 1024, 1, 1, 1, 16, 1, 32, 1, 4, 1, 8, 0.004864 
1024, 32, 32, 1024, 1, 1, 1, 16, 1, 32, 1, 1, 1, 16, 2.825984 
1024, 32, 32, 1024, 1, 1, 1, 16, 1, 32, 1, 2, 1, 16, 0.005376 
1024, 32, 32, 1024, 1, 1, 1, 16, 1, 32, 1, 1, 1, 32, 0.005568 
1024, 32, 32, 1024, 1, 1, 1, 32, 1, 2, 16, 1, 16, 1, 3.931104 
1024, 32, 32, 1024, 1, 1, 1, 32, 1, 2, 16, 2, 16, 1, 0.004512 
1024, 32, 32, 1024, 1, 1, 1, 32, 1, 4, 8, 1, 8, 1, 3.556480 
1024, 32, 32, 1024, 1, 1, 1, 32, 1, 4, 8, 2, 8, 1, 3.808000 
1024, 32, 32, 1024, 1, 1, 1, 32, 1, 4, 8, 4, 8, 1, 0.006176 
1024, 32, 32, 1024, 1, 1, 1, 32, 1, 4, 8, 1, 8, 2, 3.925920 
1024, 32, 32, 1024, 1, 1, 1, 32, 1, 4, 8, 2, 8, 2, 0.006304 
1024, 32, 32, 1024, 1, 1, 1, 32, 1, 8, 4, 1, 4, 1, 1.838560 
1024, 32, 32, 1024, 1, 1, 1, 32, 1, 8, 4, 2, 4, 1, 1.836160 
1024, 32, 32, 1024, 1, 1, 1, 32, 1, 8, 4, 4, 4, 1, 2.046880 
1024, 32, 32, 1024, 1, 1, 1, 32, 1, 8, 4, 8, 4, 1, 0.005024 
1024, 32, 32, 1024, 1, 1, 1, 32, 1, 8, 4, 1, 4, 2, 3.561376 
1024, 32, 32, 1024, 1, 1, 1, 32, 1, 8, 4, 2, 4, 2, 3.806432 
1024, 32, 32, 1024, 1, 1, 1, 32, 1, 8, 4, 4, 4, 2, 0.004800 
1024, 32, 32, 1024, 1, 1, 1, 32, 1, 8, 4, 1, 4, 4, 3.929632 
1024, 32, 32, 1024, 1, 1, 1, 32, 1, 8, 4, 2, 4, 4, 0.005088 
1024, 32, 32, 1024, 1, 1, 1, 32, 1, 16, 2, 1, 2, 1, 0.965472 
1024, 32, 32, 1024, 1, 1, 1, 32, 1, 16, 2, 2, 2, 1, 0.956128 
1024, 32, 32, 1024, 1, 1, 1, 32, 1, 16, 2, 4, 2, 1, 0.980608 
1024, 32, 32, 1024, 1, 1, 1, 32, 1, 16, 2, 8, 2, 1, 1.053024 
1024, 32, 32, 1024, 1, 1, 1, 32, 1, 16, 2, 16, 2, 1, 0.006080 
1024, 32, 32, 1024, 1, 1, 1, 32, 1, 16, 2, 1, 2, 2, 1.836096 
1024, 32, 32, 1024, 1, 1, 1, 32, 1, 16, 2, 2, 2, 2, 1.836160 
1024, 32, 32, 1024, 1, 1, 1, 32, 1, 16, 2, 4, 2, 2, 2.045248 
1024, 32, 32, 1024, 1, 1, 1, 32, 1, 16, 2, 8, 2, 2, 0.005152 
1024, 32, 32, 1024, 1, 1, 1, 32, 1, 16, 2, 1, 2, 4, 3.559232 
1024, 32, 32, 1024, 1, 1, 1, 32, 1, 16, 2, 2, 2, 4, 3.804992 
1024, 32, 32, 1024, 1, 1, 1, 32, 1, 16, 2, 4, 2, 4, 0.006048 
1024, 32, 32, 1024, 1, 1, 1, 32, 1, 16, 2, 1, 2, 8, 3.935968 
1024, 32, 32, 1024, 1, 1, 1, 32, 1, 16, 2, 2, 2, 8, 0.005600 
1024, 32, 32, 1024, 1, 1, 1, 32, 1, 32, 1, 1, 1, 1, 0.948416 
1024, 32, 32, 1024, 1, 1, 1, 32, 1, 32, 1, 2, 1, 1, 0.921216 
1024, 32, 32, 1024, 1, 1, 1, 32, 1, 32, 1, 4, 1, 1, 0.939168 
1024, 32, 32, 1024, 1, 1, 1, 32, 1, 32, 1, 8, 1, 1, 0.981376 
1024, 32, 32, 1024, 1, 1, 1, 32, 1, 32, 1, 16, 1, 1, 1.050656 
1024, 32, 32, 1024, 1, 1, 1, 32, 1, 32, 1, 32, 1, 1, 0.005824 
1024, 32, 32, 1024, 1, 1, 1, 32, 1, 32, 1, 1, 1, 2, 0.971008 
1024, 32, 32, 1024, 1, 1, 1, 32, 1, 32, 1, 2, 1, 2, 0.956160 
1024, 32, 32, 1024, 1, 1, 1, 32, 1, 32, 1, 4, 1, 2, 0.981728 
1024, 32, 32, 1024, 1, 1, 1, 32, 1, 32, 1, 8, 1, 2, 1.055424 
1024, 32, 32, 1024, 1, 1, 1, 32, 1, 32, 1, 16, 1, 2, 0.005536 
1024, 32, 32, 1024, 1, 1, 1, 32, 1, 32, 1, 1, 1, 4, 1.840032 
1024, 32, 32, 1024, 1, 1, 1, 32, 1, 32, 1, 2, 1, 4, 1.838272 
1024, 32, 32, 1024, 1, 1, 1, 32, 1, 32, 1, 4, 1, 4, 2.042176 
1024, 32, 32, 1024, 1, 1, 1, 32, 1, 32, 1, 8, 1, 4, 0.004896 
1024, 32, 32, 1024, 1, 1, 1, 32, 1, 32, 1, 1, 1, 8, 3.561824 
1024, 32, 32, 1024, 1, 1, 1, 32, 1, 32, 1, 2, 1, 8, 3.809280 
1024, 32, 32, 1024, 1, 1, 1, 32, 1, 32, 1, 4, 1, 8, 0.006176 
1024, 32, 32, 1024, 1, 1, 1, 32, 1, 32, 1, 1, 1, 16, 3.931904 
1024, 32, 32, 1024, 1, 1, 1, 32, 1, 32, 1, 2, 1, 16, 0.004576 
1024, 32, 32, 1024, 1, 1, 1, 64, 1, 4, 8, 1, 8, 1, 4.051808 
1024, 32, 32, 1024, 1, 1, 1, 64, 1, 4, 8, 2, 8, 1, 7.431648 
1024, 32, 32, 1024, 1, 1, 1, 64, 1, 8, 4, 1, 4, 1, 1.907904 
1024, 32, 32, 1024, 1, 1, 1, 64, 1, 8, 4, 2, 4, 1, 2.087680 
1024, 32, 32, 1024, 1, 1, 1, 64, 1, 8, 4, 4, 4, 1, 3.687264 
1024, 32, 32, 1024, 1, 1, 1, 64, 1, 8, 4, 1, 4, 2, 4.050560 
1024, 32, 32, 1024, 1, 1, 1, 64, 1, 8, 4, 2, 4, 2, 7.430048 
1024, 32, 32, 1024, 1, 1, 1, 64, 1, 16, 2, 1, 2, 1, 1.060768 
1024, 32, 32, 1024, 1, 1, 1, 64, 1, 16, 2, 2, 2, 1, 1.020384 
1024, 32, 32, 1024, 1, 1, 1, 64, 1, 16, 2, 4, 2, 1, 1.055584 
1024, 32, 32, 1024, 1, 1, 1, 64, 1, 16, 2, 8, 2, 1, 1.294656 
1024, 32, 32, 1024, 1, 1, 1, 64, 1, 16, 2, 1, 2, 2, 1.907360 
1024, 32, 32, 1024, 1, 1, 1, 64, 1, 16, 2, 2, 2, 2, 2.088192 
1024, 32, 32, 1024, 1, 1, 1, 64, 1, 16, 2, 4, 2, 2, 3.687808 
1024, 32, 32, 1024, 1, 1, 1, 64, 1, 16, 2, 1, 2, 4, 4.053920 
1024, 32, 32, 1024, 1, 1, 1, 64, 1, 16, 2, 2, 2, 4, 7.428928 
1024, 32, 32, 1024, 1, 1, 1, 64, 1, 32, 1, 1, 1, 1, 1.003360 
1024, 32, 32, 1024, 1, 1, 1, 64, 1, 32, 1, 2, 1, 1, 0.985696 
1024, 32, 32, 1024, 1, 1, 1, 64, 1, 32, 1, 4, 1, 1, 0.999840 
1024, 32, 32, 1024, 1, 1, 1, 64, 1, 32, 1, 8, 1, 1, 1.068000 
1024, 32, 32, 1024, 1, 1, 1, 64, 1, 32, 1, 16, 1, 1, 1.127488 
1024, 32, 32, 1024, 1, 1, 1, 64, 1, 32, 1, 1, 1, 2, 1.062304 
1024, 32, 32, 1024, 1, 1, 1, 64, 1, 32, 1, 2, 1, 2, 1.021024 
1024, 32, 32, 1024, 1, 1, 1, 64, 1, 32, 1, 4, 1, 2, 1.055648 
1024, 32, 32, 1024, 1, 1, 1, 64, 1, 32, 1, 8, 1, 2, 1.293504 
1024, 32, 32, 1024, 1, 1, 1, 64, 1, 32, 1, 1, 1, 4, 1.908224 
1024, 32, 32, 1024, 1, 1, 1, 64, 1, 32, 1, 2, 1, 4, 2.086304 
1024, 32, 32, 1024, 1, 1, 1, 64, 1, 32, 1, 4, 1, 4, 3.686080 
1024, 32, 32, 1024, 1, 1, 1, 64, 1, 32, 1, 1, 1, 8, 4.055008 
1024, 32, 32, 1024, 1, 1, 1, 64, 1, 32, 1, 2, 1, 8, 7.427552 
1024, 32, 32, 1024, 1, 1, 2, 2, 1, 1, 32, 1, 16, 1, 3.038016 
1024, 32, 32, 1024, 1, 1, 2, 2, 1, 1, 32, 2, 16, 1, 3.379232 
1024, 32, 32, 1024, 1, 1, 2, 2, 1, 1, 32, 1, 16, 2, 3.794816 
1024, 32, 32, 1024, 1, 1, 2, 2, 1, 2, 16, 1, 8, 1, 2.359520 
1024, 32, 32, 1024, 1, 1, 2, 2, 1, 2, 16, 2, 8, 1, 3.108640 
1024, 32, 32, 1024, 1, 1, 2, 2, 1, 2, 16, 4, 8, 1, 3.762336 
1024, 32, 32, 1024, 1, 1, 2, 2, 1, 2, 16, 1, 8, 2, 3.063392 
1024, 32, 32, 1024, 1, 1, 2, 2, 1, 2, 16, 2, 8, 2, 3.381920 
1024, 32, 32, 1024, 1, 1, 2, 2, 1, 2, 16, 1, 8, 4, 3.797888 
1024, 32, 32, 1024, 1, 1, 2, 2, 1, 4, 8, 1, 4, 1, 2.501888 
1024, 32, 32, 1024, 1, 1, 2, 2, 1, 4, 8, 2, 4, 1, 2.497216 
1024, 32, 32, 1024, 1, 1, 2, 2, 1, 4, 8, 4, 4, 1, 3.283808 
1024, 32, 32, 1024, 1, 1, 2, 2, 1, 4, 8, 8, 4, 1, 4.231264 
1024, 32, 32, 1024, 1, 1, 2, 2, 1, 4, 8, 1, 4, 2, 2.349184 
1024, 32, 32, 1024, 1, 1, 2, 2, 1, 4, 8, 2, 4, 2, 3.105632 
1024, 32, 32, 1024, 1, 1, 2, 2, 1, 4, 8, 4, 4, 2, 3.764096 
1024, 32, 32, 1024, 1, 1, 2, 2, 1, 4, 8, 1, 4, 4, 3.056000 
1024, 32, 32, 1024, 1, 1, 2, 2, 1, 4, 8, 2, 4, 4, 3.378720 
1024, 32, 32, 1024, 1, 1, 2, 2, 1, 4, 8, 1, 4, 8, 3.804832 
1024, 32, 32, 1024, 1, 1, 2, 2, 1, 8, 4, 1, 2, 1, 2.520192 
1024, 32, 32, 1024, 1, 1, 2, 2, 1, 8, 4, 2, 2, 1, 2.558368 
1024, 32, 32, 1024, 1, 1, 2, 2, 1, 8, 4, 4, 2, 1, 2.651584 
1024, 32, 32, 1024, 1, 1, 2, 2, 1, 8, 4, 8, 2, 1, 3.549568 
1024, 32, 32, 1024, 1, 1, 2, 2, 1, 8, 4, 16, 2, 1, 4.267104 
1024, 32, 32, 1024, 1, 1, 2, 2, 1, 8, 4, 1, 2, 2, 2.502816 
1024, 32, 32, 1024, 1, 1, 2, 2, 1, 8, 4, 2, 2, 2, 2.564800 
1024, 32, 32, 1024, 1, 1, 2, 2, 1, 8, 4, 4, 2, 2, 3.279296 
1024, 32, 32, 1024, 1, 1, 2, 2, 1, 8, 4, 8, 2, 2, 4.184160 
1024, 32, 32, 1024, 1, 1, 2, 2, 1, 8, 4, 1, 2, 4, 2.386464 
1024, 32, 32, 1024, 1, 1, 2, 2, 1, 8, 4, 2, 2, 4, 3.106592 
1024, 32, 32, 1024, 1, 1, 2, 2, 1, 8, 4, 4, 2, 4, 3.760992 
1024, 32, 32, 1024, 1, 1, 2, 2, 1, 8, 4, 1, 2, 8, 3.074784 
1024, 32, 32, 1024, 1, 1, 2, 2, 1, 8, 4, 2, 2, 8, 3.375264 
1024, 32, 32, 1024, 1, 1, 2, 2, 1, 8, 4, 1, 2, 16, 3.792640 
1024, 32, 32, 1024, 1, 1, 2, 2, 1, 16, 2, 1, 1, 1, 3.183360 
1024, 32, 32, 1024, 1, 1, 2, 2, 1, 16, 2, 2, 1, 1, 2.572352 
1024, 32, 32, 1024, 1, 1, 2, 2, 1, 16, 2, 4, 1, 1, 2.645696 
1024, 32, 32, 1024, 1, 1, 2, 2, 1, 16, 2, 8, 1, 1, 2.760384 
1024, 32, 32, 1024, 1, 1, 2, 2, 1, 16, 2, 16, 1, 1, 3.623072 
1024, 32, 32, 1024, 1, 1, 2, 2, 1, 16, 2, 32, 1, 1, 4.211712 
1024, 32, 32, 1024, 1, 1, 2, 2, 1, 16, 2, 1, 1, 2, 2.532576 
1024, 32, 32, 1024, 1, 1, 2, 2, 1, 16, 2, 2, 1, 2, 2.555712 
1024, 32, 32, 1024, 1, 1, 2, 2, 1, 16, 2, 4, 1, 2, 2.649696 
1024, 32, 32, 1024, 1, 1, 2, 2, 1, 16, 2, 8, 1, 2, 3.580928 
1024, 32, 32, 1024, 1, 1, 2, 2, 1, 16, 2, 16, 1, 2, 4.267744 
1024, 32, 32, 1024, 1, 1, 2, 2, 1, 16, 2, 1, 1, 4, 2.512704 
1024, 32, 32, 1024, 1, 1, 2, 2, 1, 16, 2, 2, 1, 4, 2.511072 
1024, 32, 32, 1024, 1, 1, 2, 2, 1, 16, 2, 4, 1, 4, 3.280256 
1024, 32, 32, 1024, 1, 1, 2, 2, 1, 16, 2, 8, 1, 4, 4.163712 
1024, 32, 32, 1024, 1, 1, 2, 2, 1, 16, 2, 1, 1, 8, 2.342688 
1024, 32, 32, 1024, 1, 1, 2, 2, 1, 16, 2, 2, 1, 8, 3.063040 
1024, 32, 32, 1024, 1, 1, 2, 2, 1, 16, 2, 4, 1, 8, 3.756224 
1024, 32, 32, 1024, 1, 1, 2, 2, 1, 16, 2, 1, 1, 16, 3.051712 
1024, 32, 32, 1024, 1, 1, 2, 2, 1, 16, 2, 2, 1, 16, 3.372832 
1024, 32, 32, 1024, 1, 1, 2, 2, 1, 16, 2, 1, 1, 32, 3.807072 
1024, 32, 32, 1024, 1, 1, 2, 4, 1, 1, 32, 1, 16, 1, 1.868352 
1024, 32, 32, 1024, 1, 1, 2, 4, 1, 1, 32, 2, 16, 1, 2.104544 
1024, 32, 32, 1024, 1, 1, 2, 4, 1, 1, 32, 1, 16, 2, 2.317184 
1024, 32, 32, 1024, 1, 1, 2, 4, 1, 2, 16, 1, 8, 1, 1.737024 
1024, 32, 32, 1024, 1, 1, 2, 4, 1, 2, 16, 2, 8, 1, 1.836192 
1024, 32, 32, 1024, 1, 1, 2, 4, 1, 2, 16, 4, 8, 1, 2.049120 
1024, 32, 32, 1024, 1, 1, 2, 4, 1, 2, 16, 1, 8, 2, 1.860256 
1024, 32, 32, 1024, 1, 1, 2, 4, 1, 2, 16, 2, 8, 2, 2.104896 
1024, 32, 32, 1024, 1, 1, 2, 4, 1, 2, 16, 1, 8, 4, 2.319264 
1024, 32, 32, 1024, 1, 1, 2, 4, 1, 4, 8, 1, 4, 1, 1.728672 
1024, 32, 32, 1024, 1, 1, 2, 4, 1, 4, 8, 2, 4, 1, 1.729888 
1024, 32, 32, 1024, 1, 1, 2, 4, 1, 4, 8, 4, 4, 1, 1.846464 
1024, 32, 32, 1024, 1, 1, 2, 4, 1, 4, 8, 8, 4, 1, 2.266944 
1024, 32, 32, 1024, 1, 1, 2, 4, 1, 4, 8, 1, 4, 2, 1.740096 
1024, 32, 32, 1024, 1, 1, 2, 4, 1, 4, 8, 2, 4, 2, 1.847328 
1024, 32, 32, 1024, 1, 1, 2, 4, 1, 4, 8, 4, 4, 2, 2.053472 
1024, 32, 32, 1024, 1, 1, 2, 4, 1, 4, 8, 1, 4, 4, 1.860512 
1024, 32, 32, 1024, 1, 1, 2, 4, 1, 4, 8, 2, 4, 4, 2.107776 
1024, 32, 32, 1024, 1, 1, 2, 4, 1, 4, 8, 1, 4, 8, 2.322848 
1024, 32, 32, 1024, 1, 1, 2, 4, 1, 8, 4, 1, 2, 1, 1.854880 
1024, 32, 32, 1024, 1, 1, 2, 4, 1, 8, 4, 2, 2, 1, 1.862208 
1024, 32, 32, 1024, 1, 1, 2, 4, 1, 8, 4, 4, 2, 1, 1.851776 
1024, 32, 32, 1024, 1, 1, 2, 4, 1, 8, 4, 8, 2, 1, 1.997248 
1024, 32, 32, 1024, 1, 1, 2, 4, 1, 8, 4, 16, 2, 1, 2.325120 
1024, 32, 32, 1024, 1, 1, 2, 4, 1, 8, 4, 1, 2, 2, 1.727104 
1024, 32, 32, 1024, 1, 1, 2, 4, 1, 8, 4, 2, 2, 2, 1.747296 
1024, 32, 32, 1024, 1, 1, 2, 4, 1, 8, 4, 4, 2, 2, 1.845792 
1024, 32, 32, 1024, 1, 1, 2, 4, 1, 8, 4, 8, 2, 2, 2.270688 
1024, 32, 32, 1024, 1, 1, 2, 4, 1, 8, 4, 1, 2, 4, 1.739936 
1024, 32, 32, 1024, 1, 1, 2, 4, 1, 8, 4, 2, 2, 4, 1.839776 
1024, 32, 32, 1024, 1, 1, 2, 4, 1, 8, 4, 4, 2, 4, 2.047424 
1024, 32, 32, 1024, 1, 1, 2, 4, 1, 8, 4, 1, 2, 8, 1.867936 
1024, 32, 32, 1024, 1, 1, 2, 4, 1, 8, 4, 2, 2, 8, 2.108384 
1024, 32, 32, 1024, 1, 1, 2, 4, 1, 8, 4, 1, 2, 16, 2.315712 
1024, 32, 32, 1024, 1, 1, 2, 4, 1, 16, 2, 1, 1, 1, 1.838656 
1024, 32, 32, 1024, 1, 1, 2, 4, 1, 16, 2, 2, 1, 1, 1.853792 
1024, 32, 32, 1024, 1, 1, 2, 4, 1, 16, 2, 4, 1, 1, 1.864576 
1024, 32, 32, 1024, 1, 1, 2, 4, 1, 16, 2, 8, 1, 1, 1.908896 
1024, 32, 32, 1024, 1, 1, 2, 4, 1, 16, 2, 16, 1, 1, 2.046880 
1024, 32, 32, 1024, 1, 1, 2, 4, 1, 16, 2, 32, 1, 1, 2.233664 
1024, 32, 32, 1024, 1, 1, 2, 4, 1, 16, 2, 1, 1, 2, 1.855840 
1024, 32, 32, 1024, 1, 1, 2, 4, 1, 16, 2, 2, 1, 2, 1.857472 
1024, 32, 32, 1024, 1, 1, 2, 4, 1, 16, 2, 4, 1, 2, 1.852064 
1024, 32, 32, 1024, 1, 1, 2, 4, 1, 16, 2, 8, 1, 2, 1.995264 
1024, 32, 32, 1024, 1, 1, 2, 4, 1, 16, 2, 16, 1, 2, 2.322592 
1024, 32, 32, 1024, 1, 1, 2, 4, 1, 16, 2, 1, 1, 4, 1.728672 
1024, 32, 32, 1024, 1, 1, 2, 4, 1, 16, 2, 2, 1, 4, 1.723904 
1024, 32, 32, 1024, 1, 1, 2, 4, 1, 16, 2, 4, 1, 4, 1.836448 
1024, 32, 32, 1024, 1, 1, 2, 4, 1, 16, 2, 8, 1, 4, 2.267040 
1024, 32, 32, 1024, 1, 1, 2, 4, 1, 16, 2, 1, 1, 8, 1.742080 
1024, 32, 32, 1024, 1, 1, 2, 4, 1, 16, 2, 2, 1, 8, 1.832896 
1024, 32, 32, 1024, 1, 1, 2, 4, 1, 16, 2, 4, 1, 8, 2.051008 
1024, 32, 32, 1024, 1, 1, 2, 4, 1, 16, 2, 1, 1, 16, 1.859680 
1024, 32, 32, 1024, 1, 1, 2, 4, 1, 16, 2, 2, 1, 16, 2.102464 
1024, 32, 32, 1024, 1, 1, 2, 4, 1, 16, 2, 1, 1, 32, 2.315072 
1024, 32, 32, 1024, 1, 1, 2, 8, 1, 1, 32, 1, 16, 1, 2.082656 
1024, 32, 32, 1024, 1, 1, 2, 8, 1, 1, 32, 2, 16, 1, 0.005344 
1024, 32, 32, 1024, 1, 1, 2, 8, 1, 1, 32, 1, 16, 2, 0.004416 
1024, 32, 32, 1024, 1, 1, 2, 8, 1, 2, 16, 1, 8, 1, 1.891328 
1024, 32, 32, 1024, 1, 1, 2, 8, 1, 2, 16, 2, 8, 1, 2.033248 
1024, 32, 32, 1024, 1, 1, 2, 8, 1, 2, 16, 4, 8, 1, 0.004928 
1024, 32, 32, 1024, 1, 1, 2, 8, 1, 2, 16, 1, 8, 2, 2.087936 
1024, 32, 32, 1024, 1, 1, 2, 8, 1, 2, 16, 2, 8, 2, 0.004256 
1024, 32, 32, 1024, 1, 1, 2, 8, 1, 2, 16, 1, 8, 4, 0.005440 
1024, 32, 32, 1024, 1, 1, 2, 8, 1, 4, 8, 1, 4, 1, 0.929216 
1024, 32, 32, 1024, 1, 1, 2, 8, 1, 4, 8, 2, 4, 1, 0.915744 
1024, 32, 32, 1024, 1, 1, 2, 8, 1, 4, 8, 4, 4, 1, 0.975104 
1024, 32, 32, 1024, 1, 1, 2, 8, 1, 4, 8, 8, 4, 1, 1.126496 
1024, 32, 32, 1024, 1, 1, 2, 8, 1, 4, 8, 1, 4, 2, 1.890752 
1024, 32, 32, 1024, 1, 1, 2, 8, 1, 4, 8, 2, 4, 2, 2.026496 
1024, 32, 32, 1024, 1, 1, 2, 8, 1, 4, 8, 4, 4, 2, 0.006656 
1024, 32, 32, 1024, 1, 1, 2, 8, 1, 4, 8, 1, 4, 4, 2.085472 
1024, 32, 32, 1024, 1, 1, 2, 8, 1, 4, 8, 2, 4, 4, 0.007104 
1024, 32, 32, 1024, 1, 1, 2, 8, 1, 4, 8, 1, 4, 8, 0.006144 
1024, 32, 32, 1024, 1, 1, 2, 8, 1, 8, 4, 1, 2, 1, 0.908576 
1024, 32, 32, 1024, 1, 1, 2, 8, 1, 8, 4, 2, 2, 1, 0.900032 
1024, 32, 32, 1024, 1, 1, 2, 8, 1, 8, 4, 4, 2, 1, 0.931680 
1024, 32, 32, 1024, 1, 1, 2, 8, 1, 8, 4, 8, 2, 1, 0.986048 
1024, 32, 32, 1024, 1, 1, 2, 8, 1, 8, 4, 16, 2, 1, 1.173856 
1024, 32, 32, 1024, 1, 1, 2, 8, 1, 8, 4, 1, 2, 2, 0.929376 
1024, 32, 32, 1024, 1, 1, 2, 8, 1, 8, 4, 2, 2, 2, 0.915296 
1024, 32, 32, 1024, 1, 1, 2, 8, 1, 8, 4, 4, 2, 2, 0.977184 
1024, 32, 32, 1024, 1, 1, 2, 8, 1, 8, 4, 8, 2, 2, 1.128032 
1024, 32, 32, 1024, 1, 1, 2, 8, 1, 8, 4, 1, 2, 4, 1.888352 
1024, 32, 32, 1024, 1, 1, 2, 8, 1, 8, 4, 2, 2, 4, 2.019584 
1024, 32, 32, 1024, 1, 1, 2, 8, 1, 8, 4, 4, 2, 4, 0.005664 
1024, 32, 32, 1024, 1, 1, 2, 8, 1, 8, 4, 1, 2, 8, 2.087136 
1024, 32, 32, 1024, 1, 1, 2, 8, 1, 8, 4, 2, 2, 8, 0.004736 
1024, 32, 32, 1024, 1, 1, 2, 8, 1, 8, 4, 1, 2, 16, 0.005120 
1024, 32, 32, 1024, 1, 1, 2, 8, 1, 16, 2, 1, 1, 1, 0.976800 
1024, 32, 32, 1024, 1, 1, 2, 8, 1, 16, 2, 2, 1, 1, 0.956704 
1024, 32, 32, 1024, 1, 1, 2, 8, 1, 16, 2, 4, 1, 1, 0.953184 
1024, 32, 32, 1024, 1, 1, 2, 8, 1, 16, 2, 8, 1, 1, 0.984768 
1024, 32, 32, 1024, 1, 1, 2, 8, 1, 16, 2, 16, 1, 1, 1.044448 
1024, 32, 32, 1024, 1, 1, 2, 8, 1, 16, 2, 32, 1, 1, 1.186240 
1024, 32, 32, 1024, 1, 1, 2, 8, 1, 16, 2, 1, 1, 2, 0.908544 
1024, 32, 32, 1024, 1, 1, 2, 8, 1, 16, 2, 2, 1, 2, 0.899744 
1024, 32, 32, 1024, 1, 1, 2, 8, 1, 16, 2, 4, 1, 2, 0.931232 
1024, 32, 32, 1024, 1, 1, 2, 8, 1, 16, 2, 8, 1, 2, 0.987520 
1024, 32, 32, 1024, 1, 1, 2, 8, 1, 16, 2, 16, 1, 2, 1.172096 
1024, 32, 32, 1024, 1, 1, 2, 8, 1, 16, 2, 1, 1, 4, 0.928000 
1024, 32, 32, 1024, 1, 1, 2, 8, 1, 16, 2, 2, 1, 4, 0.918336 
1024, 32, 32, 1024, 1, 1, 2, 8, 1, 16, 2, 4, 1, 4, 0.977024 
1024, 32, 32, 1024, 1, 1, 2, 8, 1, 16, 2, 8, 1, 4, 1.126848 
1024, 32, 32, 1024, 1, 1, 2, 8, 1, 16, 2, 1, 1, 8, 1.895584 
1024, 32, 32, 1024, 1, 1, 2, 8, 1, 16, 2, 2, 1, 8, 2.031680 
1024, 32, 32, 1024, 1, 1, 2, 8, 1, 16, 2, 4, 1, 8, 0.006016 
1024, 32, 32, 1024, 1, 1, 2, 8, 1, 16, 2, 1, 1, 16, 2.086304 
1024, 32, 32, 1024, 1, 1, 2, 8, 1, 16, 2, 2, 1, 16, 0.006752 
1024, 32, 32, 1024, 1, 1, 2, 8, 1, 16, 2, 1, 1, 32, 0.005344 
1024, 32, 32, 1024, 1, 1, 2, 16, 1, 1, 32, 1, 16, 1, 1.451936 
1024, 32, 32, 1024, 1, 1, 2, 16, 1, 1, 32, 2, 16, 1, 0.005952 
1024, 32, 32, 1024, 1, 1, 2, 16, 1, 2, 16, 1, 8, 1, 1.149472 
1024, 32, 32, 1024, 1, 1, 2, 16, 1, 2, 16, 2, 8, 1, 1.432608 
1024, 32, 32, 1024, 1, 1, 2, 16, 1, 2, 16, 4, 8, 1, 0.005280 
1024, 32, 32, 1024, 1, 1, 2, 16, 1, 2, 16, 1, 8, 2, 1.448352 
1024, 32, 32, 1024, 1, 1, 2, 16, 1, 2, 16, 2, 8, 2, 0.005792 
1024, 32, 32, 1024, 1, 1, 2, 16, 1, 4, 8, 1, 4, 1, 1.139040 
1024, 32, 32, 1024, 1, 1, 2, 16, 1, 4, 8, 2, 4, 1, 1.131840 
1024, 32, 32, 1024, 1, 1, 2, 16, 1, 4, 8, 4, 4, 1, 1.207872 
1024, 32, 32, 1024, 1, 1, 2, 16, 1, 4, 8, 8, 4, 1, 0.005760 
1024, 32, 32, 1024, 1, 1, 2, 16, 1, 4, 8, 1, 4, 2, 1.149184 
1024, 32, 32, 1024, 1, 1, 2, 16, 1, 4, 8, 2, 4, 2, 1.432640 
1024, 32, 32, 1024, 1, 1, 2, 16, 1, 4, 8, 4, 4, 2, 0.006880 
1024, 32, 32, 1024, 1, 1, 2, 16, 1, 4, 8, 1, 4, 4, 1.451904 
1024, 32, 32, 1024, 1, 1, 2, 16, 1, 4, 8, 2, 4, 4, 0.006880 
1024, 32, 32, 1024, 1, 1, 2, 16, 1, 8, 4, 1, 2, 1, 0.939744 
1024, 32, 32, 1024, 1, 1, 2, 16, 1, 8, 4, 2, 2, 1, 0.931552 
1024, 32, 32, 1024, 1, 1, 2, 16, 1, 8, 4, 4, 2, 1, 0.969344 
1024, 32, 32, 1024, 1, 1, 2, 16, 1, 8, 4, 8, 2, 1, 1.041888 
1024, 32, 32, 1024, 1, 1, 2, 16, 1, 8, 4, 16, 2, 1, 0.007456 
1024, 32, 32, 1024, 1, 1, 2, 16, 1, 8, 4, 1, 2, 2, 1.142816 
1024, 32, 32, 1024, 1, 1, 2, 16, 1, 8, 4, 2, 2, 2, 1.129792 
1024, 32, 32, 1024, 1, 1, 2, 16, 1, 8, 4, 4, 2, 2, 1.202016 
1024, 32, 32, 1024, 1, 1, 2, 16, 1, 8, 4, 8, 2, 2, 0.004384 
1024, 32, 32, 1024, 1, 1, 2, 16, 1, 8, 4, 1, 2, 4, 1.149760 
1024, 32, 32, 1024, 1, 1, 2, 16, 1, 8, 4, 2, 2, 4, 1.434528 
1024, 32, 32, 1024, 1, 1, 2, 16, 1, 8, 4, 4, 2, 4, 0.006048 
1024, 32, 32, 1024, 1, 1, 2, 16, 1, 8, 4, 1, 2, 8, 1.452384 
1024, 32, 32, 1024, 1, 1, 2, 16, 1, 8, 4, 2, 2, 8, 0.005376 
1024, 32, 32, 1024, 1, 1, 2, 16, 1, 16, 2, 1, 1, 1, 0.936000 
1024, 32, 32, 1024, 1, 1, 2, 16, 1, 16, 2, 2, 1, 1, 0.916128 
1024, 32, 32, 1024, 1, 1, 2, 16, 1, 16, 2, 4, 1, 1, 0.937664 
1024, 32, 32, 1024, 1, 1, 2, 16, 1, 16, 2, 8, 1, 1, 0.980352 
1024, 32, 32, 1024, 1, 1, 2, 16, 1, 16, 2, 16, 1, 1, 1.031392 
1024, 32, 32, 1024, 1, 1, 2, 16, 1, 16, 2, 32, 1, 1, 0.007040 
1024, 32, 32, 1024, 1, 1, 2, 16, 1, 16, 2, 1, 1, 2, 0.940576 
1024, 32, 32, 1024, 1, 1, 2, 16, 1, 16, 2, 2, 1, 2, 0.929568 
1024, 32, 32, 1024, 1, 1, 2, 16, 1, 16, 2, 4, 1, 2, 0.970176 
1024, 32, 32, 1024, 1, 1, 2, 16, 1, 16, 2, 8, 1, 2, 1.042368 
1024, 32, 32, 1024, 1, 1, 2, 16, 1, 16, 2, 16, 1, 2, 0.007328 
1024, 32, 32, 1024, 1, 1, 2, 16, 1, 16, 2, 1, 1, 4, 1.140352 
1024, 32, 32, 1024, 1, 1, 2, 16, 1, 16, 2, 2, 1, 4, 1.129440 
1024, 32, 32, 1024, 1, 1, 2, 16, 1, 16, 2, 4, 1, 4, 1.204320 
1024, 32, 32, 1024, 1, 1, 2, 16, 1, 16, 2, 8, 1, 4, 0.006048 
1024, 32, 32, 1024, 1, 1, 2, 16, 1, 16, 2, 1, 1, 8, 1.151136 
1024, 32, 32, 1024, 1, 1, 2, 16, 1, 16, 2, 2, 1, 8, 1.431072 
1024, 32, 32, 1024, 1, 1, 2, 16, 1, 16, 2, 4, 1, 8, 0.005216 
1024, 32, 32, 1024, 1, 1, 2, 16, 1, 16, 2, 1, 1, 16, 1.449376 
1024, 32, 32, 1024, 1, 1, 2, 16, 1, 16, 2, 2, 1, 16, 0.004288 
1024, 32, 32, 1024, 1, 1, 2, 32, 1, 2, 16, 1, 8, 1, 2.146208 
1024, 32, 32, 1024, 1, 1, 2, 32, 1, 2, 16, 2, 8, 1, 3.956192 
1024, 32, 32, 1024, 1, 1, 2, 32, 1, 4, 8, 1, 4, 1, 1.922368 
1024, 32, 32, 1024, 1, 1, 2, 32, 1, 4, 8, 2, 4, 1, 2.091520 
1024, 32, 32, 1024, 1, 1, 2, 32, 1, 4, 8, 4, 4, 1, 3.835296 
1024, 32, 32, 1024, 1, 1, 2, 32, 1, 4, 8, 1, 4, 2, 2.144448 
1024, 32, 32, 1024, 1, 1, 2, 32, 1, 4, 8, 2, 4, 2, 3.928896 
1024, 32, 32, 1024, 1, 1, 2, 32, 1, 8, 4, 1, 2, 1, 1.195072 
1024, 32, 32, 1024, 1, 1, 2, 32, 1, 8, 4, 2, 2, 1, 1.112032 
1024, 32, 32, 1024, 1, 1, 2, 32, 1, 8, 4, 4, 2, 1, 1.306720 
1024, 32, 32, 1024, 1, 1, 2, 32, 1, 8, 4, 8, 2, 1, 2.023200 
1024, 32, 32, 1024, 1, 1, 2, 32, 1, 8, 4, 1, 2, 2, 1.923712 
1024, 32, 32, 1024, 1, 1, 2, 32, 1, 8, 4, 2, 2, 2, 2.091200 
1024, 32, 32, 1024, 1, 1, 2, 32, 1, 8, 4, 4, 2, 2, 3.835872 
1024, 32, 32, 1024, 1, 1, 2, 32, 1, 8, 4, 1, 2, 4, 2.143360 
1024, 32, 32, 1024, 1, 1, 2, 32, 1, 8, 4, 2, 2, 4, 3.919648 
1024, 32, 32, 1024, 1, 1, 2, 32, 1, 16, 2, 1, 1, 1, 0.990912 
1024, 32, 32, 1024, 1, 1, 2, 32, 1, 16, 2, 2, 1, 1, 0.971104 
1024, 32, 32, 1024, 1, 1, 2, 32, 1, 16, 2, 4, 1, 1, 0.993824 
1024, 32, 32, 1024, 1, 1, 2, 32, 1, 16, 2, 8, 1, 1, 1.069120 
1024, 32, 32, 1024, 1, 1, 2, 32, 1, 16, 2, 16, 1, 1, 1.134784 
1024, 32, 32, 1024, 1, 1, 2, 32, 1, 16, 2, 1, 1, 2, 1.194624 
1024, 32, 32, 1024, 1, 1, 2, 32, 1, 16, 2, 2, 1, 2, 1.111872 
1024, 32, 32, 1024, 1, 1, 2, 32, 1, 16, 2, 4, 1, 2, 1.308160 
1024, 32, 32, 1024, 1, 1, 2, 32, 1, 16, 2, 8, 1, 2, 2.024576 
1024, 32, 32, 1024, 1, 1, 2, 32, 1, 16, 2, 1, 1, 4, 1.921728 
1024, 32, 32, 1024, 1, 1, 2, 32, 1, 16, 2, 2, 1, 4, 2.090688 
1024, 32, 32, 1024, 1, 1, 2, 32, 1, 16, 2, 4, 1, 4, 3.834848 
1024, 32, 32, 1024, 1, 1, 2, 32, 1, 16, 2, 1, 1, 8, 2.146016 
1024, 32, 32, 1024, 1, 1, 2, 32, 1, 16, 2, 2, 1, 8, 3.953504 
1024, 32, 32, 1024, 1, 1, 2, 64, 1, 4, 8, 1, 4, 1, 3.203136 
1024, 32, 32, 1024, 1, 1, 2, 64, 1, 4, 8, 2, 4, 1, 4.690080 
1024, 32, 32, 1024, 1, 1, 2, 64, 1, 8, 4, 1, 2, 1, 2.577472 
1024, 32, 32, 1024, 1, 1, 2, 64, 1, 8, 4, 2, 2, 1, 2.515136 
1024, 32, 32, 1024, 1, 1, 2, 64, 1, 8, 4, 4, 2, 1, 3.043648 
1024, 32, 32, 1024, 1, 1, 2, 64, 1, 8, 4, 1, 2, 2, 3.209344 
1024, 32, 32, 1024, 1, 1, 2, 64, 1, 8, 4, 2, 2, 2, 4.693088 
1024, 32, 32, 1024, 1, 1, 2, 64, 1, 16, 2, 1, 1, 1, 2.252800 
1024, 32, 32, 1024, 1, 1, 2, 64, 1, 16, 2, 2, 1, 1, 2.072224 
1024, 32, 32, 1024, 1, 1, 2, 64, 1, 16, 2, 4, 1, 1, 2.143232 
1024, 32, 32, 1024, 1, 1, 2, 64, 1, 16, 2, 8, 1, 1, 2.294304 
1024, 32, 32, 1024, 1, 1, 2, 64, 1, 16, 2, 1, 1, 2, 2.582944 
1024, 32, 32, 1024, 1, 1, 2, 64, 1, 16, 2, 2, 1, 2, 2.514560 
1024, 32, 32, 1024, 1, 1, 2, 64, 1, 16, 2, 4, 1, 2, 3.043776 
1024, 32, 32, 1024, 1, 1, 2, 64, 1, 16, 2, 1, 1, 4, 3.207840 
1024, 32, 32, 1024, 1, 1, 2, 64, 1, 16, 2, 2, 1, 4, 4.688352 
1024, 32, 32, 1024, 1, 1, 4, 2, 1, 1, 32, 1, 8, 1, 1.749888 
1024, 32, 32, 1024, 1, 1, 4, 2, 1, 1, 32, 2, 8, 1, 1.836480 
1024, 32, 32, 1024, 1, 1, 4, 2, 1, 1, 32, 4, 8, 1, 2.225856 
1024, 32, 32, 1024, 1, 1, 4, 2, 1, 1, 32, 1, 8, 2, 1.812160 
1024, 32, 32, 1024, 1, 1, 4, 2, 1, 1, 32, 2, 8, 2, 2.026656 
1024, 32, 32, 1024, 1, 1, 4, 2, 1, 1, 32, 1, 8, 4, 2.262112 
1024, 32, 32, 1024, 1, 1, 4, 2, 1, 2, 16, 1, 4, 1, 1.721088 
1024, 32, 32, 1024, 1, 1, 4, 2, 1, 2, 16, 2, 4, 1, 1.726688 
1024, 32, 32, 1024, 1, 1, 4, 2, 1, 2, 16, 4, 4, 1, 1.834624 
1024, 32, 32, 1024, 1, 1, 4, 2, 1, 2, 16, 8, 4, 1, 2.322752 
1024, 32, 32, 1024, 1, 1, 4, 2, 1, 2, 16, 1, 4, 2, 1.755744 
1024, 32, 32, 1024, 1, 1, 4, 2, 1, 2, 16, 2, 4, 2, 1.845984 
1024, 32, 32, 1024, 1, 1, 4, 2, 1, 2, 16, 4, 4, 2, 2.228864 
1024, 32, 32, 1024, 1, 1, 4, 2, 1, 2, 16, 1, 4, 4, 1.818048 
1024, 32, 32, 1024, 1, 1, 4, 2, 1, 2, 16, 2, 4, 4, 2.022528 
1024, 32, 32, 1024, 1, 1, 4, 2, 1, 2, 16, 1, 4, 8, 2.261664 
1024, 32, 32, 1024, 1, 1, 4, 2, 1, 4, 8, 1, 2, 1, 1.846144 
1024, 32, 32, 1024, 1, 1, 4, 2, 1, 4, 8, 2, 2, 1, 1.853760 
1024, 32, 32, 1024, 1, 1, 4, 2, 1, 4, 8, 4, 2, 1, 1.895072 
1024, 32, 32, 1024, 1, 1, 4, 2, 1, 4, 8, 8, 2, 1, 1.992672 
1024, 32, 32, 1024, 1, 1, 4, 2, 1, 4, 8, 16, 2, 1, 2.327552 
1024, 32, 32, 1024, 1, 1, 4, 2, 1, 4, 8, 1, 2, 2, 1.720192 
1024, 32, 32, 1024, 1, 1, 4, 2, 1, 4, 8, 2, 2, 2, 1.719808 
1024, 32, 32, 1024, 1, 1, 4, 2, 1, 4, 8, 4, 2, 2, 1.828960 
1024, 32, 32, 1024, 1, 1, 4, 2, 1, 4, 8, 8, 2, 2, 2.328224 
1024, 32, 32, 1024, 1, 1, 4, 2, 1, 4, 8, 1, 2, 4, 1.754592 
1024, 32, 32, 1024, 1, 1, 4, 2, 1, 4, 8, 2, 2, 4, 1.835616 
1024, 32, 32, 1024, 1, 1, 4, 2, 1, 4, 8, 4, 2, 4, 2.228640 
1024, 32, 32, 1024, 1, 1, 4, 2, 1, 4, 8, 1, 2, 8, 1.829920 
1024, 32, 32, 1024, 1, 1, 4, 2, 1, 4, 8, 2, 2, 8, 2.024224 
1024, 32, 32, 1024, 1, 1, 4, 2, 1, 4, 8, 1, 2, 16, 2.266784 
1024, 32, 32, 1024, 1, 1, 4, 2, 1, 8, 4, 1, 1, 1, 1.844192 
1024, 32, 32, 1024, 1, 1, 4, 2, 1, 8, 4, 2, 1, 1, 1.859712 
1024, 32, 32, 1024, 1, 1, 4, 2, 1, 8, 4, 4, 1, 1, 1.873216 
1024, 32, 32, 1024, 1, 1, 4, 2, 1, 8, 4, 8, 1, 1, 1.939296 
1024, 32, 32, 1024, 1, 1, 4, 2, 1, 8, 4, 16, 1, 1, 2.048032 
1024, 32, 32, 1024, 1, 1, 4, 2, 1, 8, 4, 32, 1, 1, 2.239584 
1024, 32, 32, 1024, 1, 1, 4, 2, 1, 8, 4, 1, 1, 2, 1.848416 
1024, 32, 32, 1024, 1, 1, 4, 2, 1, 8, 4, 2, 1, 2, 1.854912 
1024, 32, 32, 1024, 1, 1, 4, 2, 1, 8, 4, 4, 1, 2, 1.848032 
1024, 32, 32, 1024, 1, 1, 4, 2, 1, 8, 4, 8, 1, 2, 1.987904 
1024, 32, 32, 1024, 1, 1, 4, 2, 1, 8, 4, 16, 1, 2, 2.330432 
1024, 32, 32, 1024, 1, 1, 4, 2, 1, 8, 4, 1, 1, 4, 1.721280 
1024, 32, 32, 1024, 1, 1, 4, 2, 1, 8, 4, 2, 1, 4, 1.723648 
1024, 32, 32, 1024, 1, 1, 4, 2, 1, 8, 4, 4, 1, 4, 1.822944 
1024, 32, 32, 1024, 1, 1, 4, 2, 1, 8, 4, 8, 1, 4, 2.324512 
1024, 32, 32, 1024, 1, 1, 4, 2, 1, 8, 4, 1, 1, 8, 1.757888 
1024, 32, 32, 1024, 1, 1, 4, 2, 1, 8, 4, 2, 1, 8, 1.843264 
1024, 32, 32, 1024, 1, 1, 4, 2, 1, 8, 4, 4, 1, 8, 2.222560 
1024, 32, 32, 1024, 1, 1, 4, 2, 1, 8, 4, 1, 1, 16, 1.821120 
1024, 32, 32, 1024, 1, 1, 4, 2, 1, 8, 4, 2, 1, 16, 2.022528 
1024, 32, 32, 1024, 1, 1, 4, 2, 1, 8, 4, 1, 1, 32, 2.262560 
1024, 32, 32, 1024, 1, 1, 4, 4, 1, 1, 32, 1, 8, 1, 1.889280 
1024, 32, 32, 1024, 1, 1, 4, 4, 1, 1, 32, 2, 8, 1, 1.935808 
1024, 32, 32, 1024, 1, 1, 4, 4, 1, 1, 32, 4, 8, 1, 0.005216 
1024, 32, 32, 1024, 1, 1, 4, 4, 1, 1, 32, 1, 8, 2, 2.007264 
1024, 32, 32, 1024, 1, 1, 4, 4, 1, 1, 32, 2, 8, 2, 0.006336 
1024, 32, 32, 1024, 1, 1, 4, 4, 1, 1, 32, 1, 8, 4, 0.004672 
1024, 32, 32, 1024, 1, 1, 4, 4, 1, 2, 16, 1, 4, 1, 0.909664 
1024, 32, 32, 1024, 1, 1, 4, 4, 1, 2, 16, 2, 4, 1, 0.915456 
1024, 32, 32, 1024, 1, 1, 4, 4, 1, 2, 16, 4, 4, 1, 0.962016 
1024, 32, 32, 1024, 1, 1, 4, 4, 1, 2, 16, 8, 4, 1, 1.157728 
1024, 32, 32, 1024, 1, 1, 4, 4, 1, 2, 16, 1, 4, 2, 1.874880 
1024, 32, 32, 1024, 1, 1, 4, 4, 1, 2, 16, 2, 4, 2, 1.940896 
1024, 32, 32, 1024, 1, 1, 4, 4, 1, 2, 16, 4, 4, 2, 0.004576 
1024, 32, 32, 1024, 1, 1, 4, 4, 1, 2, 16, 1, 4, 4, 2.009248 
1024, 32, 32, 1024, 1, 1, 4, 4, 1, 2, 16, 2, 4, 4, 0.005056 
1024, 32, 32, 1024, 1, 1, 4, 4, 1, 2, 16, 1, 4, 8, 0.004896 
1024, 32, 32, 1024, 1, 1, 4, 4, 1, 4, 8, 1, 2, 1, 0.906272 
1024, 32, 32, 1024, 1, 1, 4, 4, 1, 4, 8, 2, 2, 1, 0.902560 
1024, 32, 32, 1024, 1, 1, 4, 4, 1, 4, 8, 4, 2, 1, 0.932960 
1024, 32, 32, 1024, 1, 1, 4, 4, 1, 4, 8, 8, 2, 1, 0.987616 
1024, 32, 32, 1024, 1, 1, 4, 4, 1, 4, 8, 16, 2, 1, 1.166592 
1024, 32, 32, 1024, 1, 1, 4, 4, 1, 4, 8, 1, 2, 2, 0.909888 
1024, 32, 32, 1024, 1, 1, 4, 4, 1, 4, 8, 2, 2, 2, 0.912192 
1024, 32, 32, 1024, 1, 1, 4, 4, 1, 4, 8, 4, 2, 2, 0.962336 
1024, 32, 32, 1024, 1, 1, 4, 4, 1, 4, 8, 8, 2, 2, 1.156960 
1024, 32, 32, 1024, 1, 1, 4, 4, 1, 4, 8, 1, 2, 4, 1.877920 
1024, 32, 32, 1024, 1, 1, 4, 4, 1, 4, 8, 2, 2, 4, 1.933664 
1024, 32, 32, 1024, 1, 1, 4, 4, 1, 4, 8, 4, 2, 4, 0.004544 
1024, 32, 32, 1024, 1, 1, 4, 4, 1, 4, 8, 1, 2, 8, 2.014176 
1024, 32, 32, 1024, 1, 1, 4, 4, 1, 4, 8, 2, 2, 8, 0.004512 
1024, 32, 32, 1024, 1, 1, 4, 4, 1, 4, 8, 1, 2, 16, 0.004512 
1024, 32, 32, 1024, 1, 1, 4, 4, 1, 8, 4, 1, 1, 1, 0.983168 
1024, 32, 32, 1024, 1, 1, 4, 4, 1, 8, 4, 2, 1, 1, 0.963552 
1024, 32, 32, 1024, 1, 1, 4, 4, 1, 8, 4, 4, 1, 1, 0.964160 
1024, 32, 32, 1024, 1, 1, 4, 4, 1, 8, 4, 8, 1, 1, 0.983584 
1024, 32, 32, 1024, 1, 1, 4, 4, 1, 8, 4, 16, 1, 1, 1.043712 
1024, 32, 32, 1024, 1, 1, 4, 4, 1, 8, 4, 32, 1, 1, 1.177440 
1024, 32, 32, 1024, 1, 1, 4, 4, 1, 8, 4, 1, 1, 2, 0.908288 
1024, 32, 32, 1024, 1, 1, 4, 4, 1, 8, 4, 2, 1, 2, 0.901984 
1024, 32, 32, 1024, 1, 1, 4, 4, 1, 8, 4, 4, 1, 2, 0.932128 
1024, 32, 32, 1024, 1, 1, 4, 4, 1, 8, 4, 8, 1, 2, 0.992064 
1024, 32, 32, 1024, 1, 1, 4, 4, 1, 8, 4, 16, 1, 2, 1.162752 
1024, 32, 32, 1024, 1, 1, 4, 4, 1, 8, 4, 1, 1, 4, 0.918496 
1024, 32, 32, 1024, 1, 1, 4, 4, 1, 8, 4, 2, 1, 4, 0.912160 
1024, 32, 32, 1024, 1, 1, 4, 4, 1, 8, 4, 4, 1, 4, 0.959840 
1024, 32, 32, 1024, 1, 1, 4, 4, 1, 8, 4, 8, 1, 4, 1.154752 
1024, 32, 32, 1024, 1, 1, 4, 4, 1, 8, 4, 1, 1, 8, 1.881440 
1024, 32, 32, 1024, 1, 1, 4, 4, 1, 8, 4, 2, 1, 8, 1.936992 
1024, 32, 32, 1024, 1, 1, 4, 4, 1, 8, 4, 4, 1, 8, 0.006208 
1024, 32, 32, 1024, 1, 1, 4, 4, 1, 8, 4, 1, 1, 16, 2.015040 
1024, 32, 32, 1024, 1, 1, 4, 4, 1, 8, 4, 2, 1, 16, 0.004224 
1024, 32, 32, 1024, 1, 1, 4, 4, 1, 8, 4, 1, 1, 32, 0.005152 
1024, 32, 32, 1024, 1, 1, 4, 8, 1, 1, 32, 1, 8, 1, 1.072672 
1024, 32, 32, 1024, 1, 1, 4, 8, 1, 1, 32, 2, 8, 1, 1.178528 
1024, 32, 32, 1024, 1, 1, 4, 8, 1, 1, 32, 4, 8, 1, 0.005664 
1024, 32, 32, 1024, 1, 1, 4, 8, 1, 1, 32, 1, 8, 2, 1.197696 
1024, 32, 32, 1024, 1, 1, 4, 8, 1, 1, 32, 2, 8, 2, 0.005088 
1024, 32, 32, 1024, 1, 1, 4, 8, 1, 2, 16, 1, 4, 1, 0.970880 
1024, 32, 32, 1024, 1, 1, 4, 8, 1, 2, 16, 2, 4, 1, 0.966496 
1024, 32, 32, 1024, 1, 1, 4, 8, 1, 2, 16, 4, 4, 1, 1.010496 
1024, 32, 32, 1024, 1, 1, 4, 8, 1, 2, 16, 8, 4, 1, 0.007232 
1024, 32, 32, 1024, 1, 1, 4, 8, 1, 2, 16, 1, 4, 2, 1.073056 
1024, 32, 32, 1024, 1, 1, 4, 8, 1, 2, 16, 2, 4, 2, 1.179904 
1024, 32, 32, 1024, 1, 1, 4, 8, 1, 2, 16, 4, 4, 2, 0.006144 
1024, 32, 32, 1024, 1, 1, 4, 8, 1, 2, 16, 1, 4, 4, 1.196544 
1024, 32, 32, 1024, 1, 1, 4, 8, 1, 2, 16, 2, 4, 4, 0.006080 
1024, 32, 32, 1024, 1, 1, 4, 8, 1, 4, 8, 1, 2, 1, 0.935008 
1024, 32, 32, 1024, 1, 1, 4, 8, 1, 4, 8, 2, 2, 1, 0.928800 
1024, 32, 32, 1024, 1, 1, 4, 8, 1, 4, 8, 4, 2, 1, 0.968992 
1024, 32, 32, 1024, 1, 1, 4, 8, 1, 4, 8, 8, 2, 1, 1.043424 
1024, 32, 32, 1024, 1, 1, 4, 8, 1, 4, 8, 16, 2, 1, 0.005152 
1024, 32, 32, 1024, 1, 1, 4, 8, 1, 4, 8, 1, 2, 2, 0.973216 
1024, 32, 32, 1024, 1, 1, 4, 8, 1, 4, 8, 2, 2, 2, 0.967488 
1024, 32, 32, 1024, 1, 1, 4, 8, 1, 4, 8, 4, 2, 2, 1.012896 
1024, 32, 32, 1024, 1, 1, 4, 8, 1, 4, 8, 8, 2, 2, 0.004928 
1024, 32, 32, 1024, 1, 1, 4, 8, 1, 4, 8, 1, 2, 4, 1.073824 
1024, 32, 32, 1024, 1, 1, 4, 8, 1, 4, 8, 2, 2, 4, 1.180704 
1024, 32, 32, 1024, 1, 1, 4, 8, 1, 4, 8, 4, 2, 4, 0.004576 
1024, 32, 32, 1024, 1, 1, 4, 8, 1, 4, 8, 1, 2, 8, 1.194208 
1024, 32, 32, 1024, 1, 1, 4, 8, 1, 4, 8, 2, 2, 8, 0.005376 
1024, 32, 32, 1024, 1, 1, 4, 8, 1, 8, 4, 1, 1, 1, 0.944640 
1024, 32, 32, 1024, 1, 1, 4, 8, 1, 8, 4, 2, 1, 1, 0.922560 
1024, 32, 32, 1024, 1, 1, 4, 8, 1, 8, 4, 4, 1, 1, 0.944512 
1024, 32, 32, 1024, 1, 1, 4, 8, 1, 8, 4, 8, 1, 1, 0.983232 
1024, 32, 32, 1024, 1, 1, 4, 8, 1, 8, 4, 16, 1, 1, 1.048000 
1024, 32, 32, 1024, 1, 1, 4, 8, 1, 8, 4, 32, 1, 1, 0.006912 
1024, 32, 32, 1024, 1, 1, 4, 8, 1, 8, 4, 1, 1, 2, 0.936320 
1024, 32, 32, 1024, 1, 1, 4, 8, 1, 8, 4, 2, 1, 2, 0.926912 
1024, 32, 32, 1024, 1, 1, 4, 8, 1, 8, 4, 4, 1, 2, 0.968288 
1024, 32, 32, 1024, 1, 1, 4, 8, 1, 8, 4, 8, 1, 2, 1.041920 
1024, 32, 32, 1024, 1, 1, 4, 8, 1, 8, 4, 16, 1, 2, 0.005696 
1024, 32, 32, 1024, 1, 1, 4, 8, 1, 8, 4, 1, 1, 4, 0.971264 
1024, 32, 32, 1024, 1, 1, 4, 8, 1, 8, 4, 2, 1, 4, 0.966208 
1024, 32, 32, 1024, 1, 1, 4, 8, 1, 8, 4, 4, 1, 4, 1.010752 
1024, 32, 32, 1024, 1, 1, 4, 8, 1, 8, 4, 8, 1, 4, 0.005408 
1024, 32, 32, 1024, 1, 1, 4, 8, 1, 8, 4, 1, 1, 8, 1.075808 
1024, 32, 32, 1024, 1, 1, 4, 8, 1, 8, 4, 2, 1, 8, 1.179488 
1024, 32, 32, 1024, 1, 1, 4, 8, 1, 8, 4, 4, 1, 8, 0.007264 
1024, 32, 32, 1024, 1, 1, 4, 8, 1, 8, 4, 1, 1, 16, 1.196640 
1024, 32, 32, 1024, 1, 1, 4, 8, 1, 8, 4, 2, 1, 16, 0.006432 
1024, 32, 32, 1024, 1, 1, 4, 16, 1, 1, 32, 1, 8, 1, 1.293120 
1024, 32, 32, 1024, 1, 1, 4, 16, 1, 1, 32, 2, 8, 1, 1.726624 
1024, 32, 32, 1024, 1, 1, 4, 16, 1, 2, 16, 1, 4, 1, 1.143424 
1024, 32, 32, 1024, 1, 1, 4, 16, 1, 2, 16, 2, 4, 1, 1.138016 
1024, 32, 32, 1024, 1, 1, 4, 16, 1, 2, 16, 4, 4, 1, 1.331040 
1024, 32, 32, 1024, 1, 1, 4, 16, 1, 2, 16, 1, 4, 2, 1.291360 
1024, 32, 32, 1024, 1, 1, 4, 16, 1, 2, 16, 2, 4, 2, 1.729184 
1024, 32, 32, 1024, 1, 1, 4, 16, 1, 4, 8, 1, 2, 1, 1.029408 
1024, 32, 32, 1024, 1, 1, 4, 16, 1, 4, 8, 2, 2, 1, 1.029728 
1024, 32, 32, 1024, 1, 1, 4, 16, 1, 4, 8, 4, 2, 1, 1.072992 
1024, 32, 32, 1024, 1, 1, 4, 16, 1, 4, 8, 8, 2, 1, 1.385312 
1024, 32, 32, 1024, 1, 1, 4, 16, 1, 4, 8, 1, 2, 2, 1.138720 
1024, 32, 32, 1024, 1, 1, 4, 16, 1, 4, 8, 2, 2, 2, 1.139232 
1024, 32, 32, 1024, 1, 1, 4, 16, 1, 4, 8, 4, 2, 2, 1.332096 
1024, 32, 32, 1024, 1, 1, 4, 16, 1, 4, 8, 1, 2, 4, 1.291008 
1024, 32, 32, 1024, 1, 1, 4, 16, 1, 4, 8, 2, 2, 4, 1.729152 
1024, 32, 32, 1024, 1, 1, 4, 16, 1, 8, 4, 1, 1, 1, 0.990304 
1024, 32, 32, 1024, 1, 1, 4, 16, 1, 8, 4, 2, 1, 1, 0.985312 
1024, 32, 32, 1024, 1, 1, 4, 16, 1, 8, 4, 4, 1, 1, 1.005600 
1024, 32, 32, 1024, 1, 1, 4, 16, 1, 8, 4, 8, 1, 1, 1.077568 
1024, 32, 32, 1024, 1, 1, 4, 16, 1, 8, 4, 16, 1, 1, 1.160128 
1024, 32, 32, 1024, 1, 1, 4, 16, 1, 8, 4, 1, 1, 2, 1.026400 
1024, 32, 32, 1024, 1, 1, 4, 16, 1, 8, 4, 2, 1, 2, 1.030848 
1024, 32, 32, 1024, 1, 1, 4, 16, 1, 8, 4, 4, 1, 2, 1.069856 
1024, 32, 32, 1024, 1, 1, 4, 16, 1, 8, 4, 8, 1, 2, 1.382624 
1024, 32, 32, 1024, 1, 1, 4, 16, 1, 8, 4, 1, 1, 4, 1.140832 
1024, 32, 32, 1024, 1, 1, 4, 16, 1, 8, 4, 2, 1, 4, 1.137152 
1024, 32, 32, 1024, 1, 1, 4, 16, 1, 8, 4, 4, 1, 4, 1.333248 
1024, 32, 32, 1024, 1, 1, 4, 16, 1, 8, 4, 1, 1, 8, 1.289248 
1024, 32, 32, 1024, 1, 1, 4, 16, 1, 8, 4, 2, 1, 8, 1.726912 
1024, 32, 32, 1024, 1, 1, 4, 32, 1, 2, 16, 1, 4, 1, 2.726016 
16, 200, 200, 1024, 3, 1, 1, 2, 1, 8, 4, 1, 25, 1, 6.195840 
16, 200, 200, 1024, 3, 1, 5, 2, 1, 8, 4, 1, 5, 1, 1.868064 
32, 588, 588, 16, 3, 1, 7, 2, 1, 4, 8, 1, 21, 1, 0.559936 
32, 588, 588, 16, 3, 1, 21, 2, 1, 4, 8, 1, 7, 1, 0.433728 
32, 952, 952, 16, 3, 1, 7, 2, 1, 8, 4, 1, 17, 1, 1.559520 
32, 952, 952, 16, 3, 1, 7, 4, 1, 8, 4, 1, 17, 1, 1.277952 
32, 952, 952, 16, 3, 1, 17, 2, 1, 8, 4, 1, 7, 1, 1.171424 
32, 952, 952, 16, 3, 1, 17, 4, 1, 8, 4, 1, 7, 1, 0.991232 
16, 352, 352, 64, 3, 1, 1, 2, 1, 16, 2, 1, 22, 1, 1.222656 
16, 352, 352, 64, 3, 1, 1, 2, 1, 32, 1, 1, 11, 1, 0.903168 
16, 352, 352, 64, 3, 1, 1, 2, 1, 32, 1, 2, 11, 1, 1.305632 
16, 352, 352, 64, 3, 1, 1, 2, 1, 32, 1, 1, 11, 2, 1.227776 
16, 352, 352, 64, 3, 1, 1, 4, 1, 16, 2, 1, 22, 1, 0.695296 
16, 352, 352, 64, 3, 1, 1, 4, 1, 32, 1, 1, 11, 1, 0.733184 
16, 352, 352, 64, 3, 1, 1, 4, 1, 32, 1, 2, 11, 1, 0.756736 
16, 352, 352, 64, 3, 1, 1, 4, 1, 32, 1, 1, 11, 2, 0.697312 
16, 352, 352, 64, 3, 1, 1, 8, 1, 32, 1, 1, 11, 1, 0.763904 
16, 352, 352, 64, 3, 1, 1, 8, 1, 32, 1, 2, 11, 1, 0.006176 
16, 352, 352, 64, 3, 1, 2, 2, 1, 8, 4, 1, 22, 1, 0.687104 
16, 352, 352, 64, 3, 1, 2, 2, 1, 16, 2, 1, 11, 1, 0.678944 
16, 352, 352, 64, 3, 1, 2, 2, 1, 16, 2, 2, 11, 1, 0.705504 
16, 352, 352, 64, 3, 1, 2, 2, 1, 16, 2, 1, 11, 2, 0.686048 
16, 352, 352, 64, 3, 1, 2, 4, 1, 16, 2, 1, 11, 1, 0.460800 
16, 352, 352, 64, 3, 1, 2, 4, 1, 16, 2, 2, 11, 1, 0.510944 
16, 352, 352, 64, 3, 1, 4, 2, 1, 8, 4, 1, 11, 1, 0.475104 
16, 352, 352, 64, 3, 1, 4, 2, 1, 8, 4, 2, 11, 1, 0.517120 
16, 352, 352, 64, 3, 1, 11, 2, 1, 8, 4, 1, 4, 1, 0.345120 
16, 352, 352, 64, 3, 1, 11, 2, 1, 8, 4, 2, 4, 1, 0.307200 
16, 352, 352, 64, 3, 1, 11, 2, 1, 8, 4, 4, 4, 1, 0.438240 
16, 352, 352, 64, 3, 1, 11, 2, 1, 16, 2, 1, 2, 1, 0.422912 
16, 352, 352, 64, 3, 1, 11, 2, 1, 16, 2, 2, 2, 1, 0.359424 
16, 352, 352, 64, 3, 1, 11, 2, 1, 16, 2, 4, 2, 1, 0.318496 
16, 352, 352, 64, 3, 1, 11, 2, 1, 16, 2, 1, 2, 2, 0.321536 
16, 352, 352, 64, 3, 1, 11, 2, 1, 16, 2, 2, 2, 2, 0.308224 
16, 352, 352, 64, 3, 1, 11, 2, 1, 16, 2, 4, 2, 2, 0.442368 
16, 352, 352, 64, 3, 1, 11, 2, 1, 32, 1, 1, 1, 1, 0.773152 
16, 352, 352, 64, 3, 1, 11, 2, 1, 32, 1, 2, 1, 1, 0.472064 
16, 352, 352, 64, 3, 1, 11, 2, 1, 32, 1, 4, 1, 1, 0.512992 
16, 352, 352, 64, 3, 1, 11, 2, 1, 32, 1, 8, 1, 1, 0.445440 
16, 352, 352, 64, 3, 1, 11, 2, 1, 32, 1, 1, 1, 2, 0.421888 
16, 352, 352, 64, 3, 1, 11, 2, 1, 32, 1, 2, 1, 2, 0.351200 
16, 352, 352, 64, 3, 1, 11, 2, 1, 32, 1, 4, 1, 2, 0.350208 
16, 352, 352, 64, 3, 1, 11, 2, 1, 32, 1, 1, 1, 4, 0.331744 
16, 352, 352, 64, 3, 1, 11, 2, 1, 32, 1, 2, 1, 4, 0.310272 
16, 352, 352, 64, 3, 1, 11, 2, 1, 32, 1, 4, 1, 4, 0.438304 
16, 352, 352, 64, 3, 1, 11, 4, 1, 16, 2, 1, 2, 1, 0.365568 
16, 352, 352, 64, 3, 1, 11, 4, 1, 16, 2, 2, 2, 1, 0.279584 
16, 352, 352, 64, 3, 1, 11, 4, 1, 16, 2, 4, 2, 1, 0.375840 
16, 352, 352, 64, 3, 1, 11, 4, 1, 32, 1, 1, 1, 1, 0.443392 
16, 352, 352, 64, 3, 1, 11, 4, 1, 32, 1, 2, 1, 1, 0.382976 
16, 352, 352, 64, 3, 1, 11, 4, 1, 32, 1, 4, 1, 1, 0.413696 
16, 352, 352, 64, 3, 1, 11, 4, 1, 32, 1, 8, 1, 1, 0.399328 
16, 352, 352, 64, 3, 1, 11, 4, 1, 32, 1, 1, 1, 2, 0.369664 
16, 352, 352, 64, 3, 1, 11, 4, 1, 32, 1, 2, 1, 2, 0.280544 
16, 352, 352, 64, 3, 1, 11, 4, 1, 32, 1, 4, 1, 2, 0.381920 
16, 352, 352, 64, 3, 1, 11, 8, 1, 32, 1, 1, 1, 1, 0.386016 
16, 352, 352, 64, 3, 1, 11, 8, 1, 32, 1, 2, 1, 1, 0.367616 
16, 352, 352, 64, 3, 1, 11, 8, 1, 32, 1, 4, 1, 1, 0.360416 
16, 352, 352, 64, 3, 1, 11, 8, 1, 32, 1, 8, 1, 1, 0.412704 
16, 352, 352, 64, 3, 1, 22, 2, 1, 8, 4, 1, 2, 1, 0.369632 
16, 352, 352, 64, 3, 1, 22, 2, 1, 8, 4, 2, 2, 1, 0.369664 
16, 352, 352, 64, 3, 1, 22, 2, 1, 8, 4, 4, 2, 1, 0.378880 
16, 352, 352, 64, 3, 1, 22, 2, 1, 16, 2, 1, 1, 1, 0.568320 
16, 352, 352, 64, 3, 1, 22, 2, 1, 16, 2, 2, 1, 1, 0.377856 
16, 352, 352, 64, 3, 1, 22, 2, 1, 16, 2, 4, 1, 1, 0.406496 
16, 352, 352, 64, 3, 1, 22, 2, 1, 16, 2, 1, 1, 2, 0.374816 
16, 352, 352, 64, 3, 1, 22, 2, 1, 16, 2, 2, 1, 2, 0.371712 
16, 352, 352, 64, 3, 1, 22, 2, 1, 16, 2, 4, 1, 2, 0.385024 
16, 352, 352, 64, 3, 1, 22, 4, 1, 16, 2, 1, 1, 1, 0.590848 
16, 352, 352, 64, 3, 1, 22, 4, 1, 16, 2, 2, 1, 1, 0.374752 
16, 352, 352, 64, 3, 1, 22, 4, 1, 16, 2, 4, 1, 1, 0.349152 
16, 352, 352, 64, 3, 1, 44, 2, 1, 8, 4, 1, 1, 1, 0.606240 
16, 352, 352, 64, 3, 1, 44, 2, 1, 8, 4, 2, 1, 1, 0.494624 
16, 352, 352, 64, 3, 1, 44, 2, 1, 8, 4, 4, 1, 1, 0.501728 
128, 896, 896, 16, 3, 1, 1, 2, 1, 32, 1, 1, 28, 1, 13.615104 
128, 896, 896, 16, 3, 1, 1, 4, 1, 32, 1, 1, 28, 1, 8.117216 
128, 896, 896, 16, 3, 1, 1, 8, 1, 32, 1, 1, 28, 1, 0.002080 
128, 896, 896, 16, 3, 1, 1, 16, 1, 32, 1, 1, 28, 1, 0.003040 
128, 896, 896, 16, 3, 1, 1, 32, 1, 32, 1, 1, 28, 1, 0.002016 
128, 896, 896, 16, 3, 1, 1, 64, 1, 32, 1, 1, 28, 1, 0.003072 
128, 896, 896, 16, 3, 1, 2, 2, 1, 16, 2, 1, 28, 1, 7.501824 
128, 896, 896, 16, 3, 1, 2, 2, 1, 32, 1, 1, 14, 1, 7.768032 
128, 896, 896, 16, 3, 1, 2, 2, 1, 32, 1, 2, 14, 1, 8.207328 
128, 896, 896, 16, 3, 1, 2, 2, 1, 32, 1, 1, 14, 2, 7.496704 
128, 896, 896, 16, 3, 1, 2, 4, 1, 16, 2, 1, 28, 1, 4.898816 
128, 896, 896, 16, 3, 1, 2, 4, 1, 32, 1, 1, 14, 1, 4.926432 
128, 896, 896, 16, 3, 1, 2, 4, 1, 32, 1, 2, 14, 1, 5.660672 
128, 896, 896, 16, 3, 1, 2, 4, 1, 32, 1, 1, 14, 2, 4.885504 
128, 896, 896, 16, 3, 1, 2, 8, 1, 16, 2, 1, 28, 1, 3.680224 
128, 896, 896, 16, 3, 1, 2, 8, 1, 32, 1, 1, 14, 1, 5.596160 
128, 896, 896, 16, 3, 1, 2, 8, 1, 32, 1, 2, 14, 1, 4.304896 
128, 896, 896, 16, 3, 1, 2, 8, 1, 32, 1, 1, 14, 2, 3.686432 
128, 896, 896, 16, 3, 1, 2, 16, 1, 16, 2, 1, 28, 1, 0.003072 
128, 896, 896, 16, 3, 1, 2, 16, 1, 32, 1, 1, 14, 1, 4.378624 
128, 896, 896, 16, 3, 1, 2, 16, 1, 32, 1, 2, 14, 1, 0.003072 
128, 896, 896, 16, 3, 1, 2, 16, 1, 32, 1, 1, 14, 2, 0.003104 
128, 896, 896, 16, 3, 1, 2, 32, 1, 16, 2, 1, 28, 1, 0.002080 
128, 896, 896, 16, 3, 1, 2, 32, 1, 32, 1, 1, 14, 1, 3.891200 
128, 896, 896, 16, 3, 1, 2, 32, 1, 32, 1, 2, 14, 1, 0.002048 
128, 896, 896, 16, 3, 1, 2, 32, 1, 32, 1, 1, 14, 2, 0.002048 
128, 896, 896, 16, 3, 1, 2, 64, 1, 32, 1, 1, 14, 1, 0.002016 
128, 896, 896, 16, 3, 1, 4, 2, 1, 8, 4, 1, 28, 1, 5.016576 
128, 896, 896, 16, 3, 1, 4, 2, 1, 16, 2, 1, 14, 1, 4.886560 
128, 896, 896, 16, 3, 1, 4, 2, 1, 16, 2, 2, 14, 1, 5.535744 
128, 896, 896, 16, 3, 1, 4, 2, 1, 16, 2, 1, 14, 2, 5.011456 
128, 896, 896, 16, 3, 1, 4, 2, 1, 32, 1, 1, 7, 1, 7.159776 
128, 896, 896, 16, 3, 1, 4, 2, 1, 32, 1, 2, 7, 1, 5.914656 
128, 896, 896, 16, 3, 1, 4, 2, 1, 32, 1, 1, 7, 2, 4.877344 
128, 896, 896, 16, 3, 1, 4, 2, 1, 32, 1, 2, 7, 2, 5.532704 
128, 896, 896, 16, 3, 1, 4, 2, 1, 32, 1, 1, 7, 4, 5.015488 
128, 896, 896, 16, 3, 1, 4, 4, 1, 8, 4, 1, 28, 1, 3.945504 
128, 896, 896, 16, 3, 1, 4, 4, 1, 16, 2, 1, 14, 1, 3.570720 
128, 896, 896, 16, 3, 1, 4, 4, 1, 16, 2, 2, 14, 1, 4.201472 
128, 896, 896, 16, 3, 1, 4, 4, 1, 16, 2, 1, 14, 2, 3.960800 
128, 896, 896, 16, 3, 1, 4, 4, 1, 32, 1, 1, 7, 1, 4.371456 
128, 896, 896, 16, 3, 1, 4, 4, 1, 32, 1, 2, 7, 1, 3.791872 
128, 896, 896, 16, 3, 1, 4, 4, 1, 32, 1, 1, 7, 2, 3.572768 
128, 896, 896, 16, 3, 1, 4, 4, 1, 32, 1, 2, 7, 2, 4.200448 
128, 896, 896, 16, 3, 1, 4, 4, 1, 32, 1, 1, 7, 4, 3.957728 
128, 896, 896, 16, 3, 1, 4, 8, 1, 8, 4, 1, 28, 1, 0.003008 
128, 896, 896, 16, 3, 1, 4, 8, 1, 16, 2, 1, 14, 1, 4.321280 
128, 896, 896, 16, 3, 1, 4, 8, 1, 16, 2, 2, 14, 1, 0.003040 
128, 896, 896, 16, 3, 1, 4, 8, 1, 16, 2, 1, 14, 2, 0.003072 
128, 896, 896, 16, 3, 1, 4, 8, 1, 32, 1, 1, 7, 1, 3.946496 
128, 896, 896, 16, 3, 1, 4, 8, 1, 32, 1, 2, 7, 1, 4.501472 
128, 896, 896, 16, 3, 1, 4, 8, 1, 32, 1, 1, 7, 2, 4.308960 
128, 896, 896, 16, 3, 1, 4, 8, 1, 32, 1, 2, 7, 2, 0.002048 
128, 896, 896, 16, 3, 1, 4, 8, 1, 32, 1, 1, 7, 4, 0.002080 
128, 896, 896, 16, 3, 1, 4, 16, 1, 8, 4, 1, 28, 1, 0.002048 
128, 896, 896, 16, 3, 1, 4, 16, 1, 16, 2, 1, 14, 1, 3.860480 
128, 896, 896, 16, 3, 1, 4, 16, 1, 16, 2, 2, 14, 1, 0.002080 
128, 896, 896, 16, 3, 1, 4, 16, 1, 16, 2, 1, 14, 2, 0.002048 
128, 896, 896, 16, 3, 1, 4, 16, 1, 32, 1, 1, 7, 1, 3.349504 
128, 896, 896, 16, 3, 1, 4, 16, 1, 32, 1, 2, 7, 1, 3.954688 
128, 896, 896, 16, 3, 1, 4, 16, 1, 32, 1, 1, 7, 2, 3.861504 
128, 896, 896, 16, 3, 1, 4, 16, 1, 32, 1, 2, 7, 2, 0.002048 
128, 896, 896, 16, 3, 1, 4, 16, 1, 32, 1, 1, 7, 4, 0.002016 
128, 896, 896, 16, 3, 1, 4, 32, 1, 16, 2, 1, 14, 1, 0.003072 
128, 896, 896, 16, 3, 1, 4, 32, 1, 32, 1, 1, 7, 1, 15.790112 
128, 896, 896, 16, 3, 1, 4, 32, 1, 32, 1, 2, 7, 1, 0.003072 
128, 896, 896, 16, 3, 1, 4, 32, 1, 32, 1, 1, 7, 2, 0.003072 
128, 896, 896, 16, 3, 1, 7, 2, 1, 8, 4, 1, 16, 1, 3.706880 
128, 896, 896, 16, 3, 1, 7, 2, 1, 16, 2, 1, 8, 1, 4.301824 
128, 896, 896, 16, 3, 1, 7, 2, 1, 16, 2, 2, 8, 1, 3.733472 
128, 896, 896, 16, 3, 1, 7, 2, 1, 16, 2, 1, 8, 2, 3.704832 
128, 896, 896, 16, 3, 1, 7, 2, 1, 32, 1, 1, 4, 1, 8.139744 
128, 896, 896, 16, 3, 1, 7, 2, 1, 32, 1, 2, 4, 1, 5.908480 
128, 896, 896, 16, 3, 1, 7, 2, 1, 32, 1, 1, 4, 2, 4.301856 
128, 896, 896, 16, 3, 1, 7, 2, 1, 32, 1, 2, 4, 2, 3.737600 
128, 896, 896, 16, 3, 1, 7, 2, 1, 32, 1, 1, 4, 4, 3.705856 
128, 896, 896, 16, 3, 1, 7, 4, 1, 8, 4, 1, 16, 1, 4.030432 
128, 896, 896, 16, 3, 1, 7, 4, 1, 16, 2, 1, 8, 1, 3.170336 
128, 896, 896, 16, 3, 1, 7, 4, 1, 16, 2, 2, 8, 1, 4.161536 
128, 896, 896, 16, 3, 1, 7, 4, 1, 16, 2, 1, 8, 2, 4.035616 
128, 896, 896, 16, 3, 1, 7, 4, 1, 32, 1, 1, 4, 1, 4.697120 
128, 896, 896, 16, 3, 1, 7, 4, 1, 32, 1, 2, 4, 1, 3.870720 
128, 896, 896, 16, 3, 1, 7, 4, 1, 32, 1, 1, 4, 2, 3.166208 
128, 896, 896, 16, 3, 1, 7, 4, 1, 32, 1, 2, 4, 2, 4.157408 
128, 896, 896, 16, 3, 1, 7, 4, 1, 32, 1, 1, 4, 4, 4.030432 
128, 896, 896, 16, 3, 1, 7, 8, 1, 8, 4, 1, 16, 1, 3.512288 
128, 896, 896, 16, 3, 1, 7, 8, 1, 16, 2, 1, 8, 1, 3.003424 
128, 896, 896, 16, 3, 1, 7, 8, 1, 16, 2, 2, 8, 1, 3.554304 
128, 896, 896, 16, 3, 1, 7, 8, 1, 16, 2, 1, 8, 2, 3.511328 
128, 896, 896, 16, 3, 1, 7, 8, 1, 32, 1, 1, 4, 1, 3.433504 
128, 896, 896, 16, 3, 1, 7, 8, 1, 32, 1, 2, 4, 1, 3.126304 
128, 896, 896, 16, 3, 1, 7, 8, 1, 32, 1, 1, 4, 2, 2.998240 
128, 896, 896, 16, 3, 1, 7, 8, 1, 32, 1, 2, 4, 2, 3.547136 
128, 896, 896, 16, 3, 1, 7, 8, 1, 32, 1, 1, 4, 4, 3.512320 
128, 896, 896, 16, 3, 1, 7, 16, 1, 8, 4, 1, 16, 1, 9.334752 
128, 896, 896, 16, 3, 1, 7, 16, 1, 16, 2, 1, 8, 1, 7.737312 
128, 896, 896, 16, 3, 1, 7, 16, 1, 16, 2, 2, 8, 1, 9.491424 
128, 896, 896, 16, 3, 1, 7, 16, 1, 16, 2, 1, 8, 2, 9.297920 
128, 896, 896, 16, 3, 1, 7, 16, 1, 32, 1, 1, 4, 1, 10.424320 
128, 896, 896, 16, 3, 1, 7, 16, 1, 32, 1, 2, 4, 1, 11.975680 
128, 896, 896, 16, 3, 1, 7, 16, 1, 32, 1, 1, 4, 2, 7.744512 
128, 896, 896, 16, 3, 1, 7, 16, 1, 32, 1, 2, 4, 2, 9.497568 
128, 896, 896, 16, 3, 1, 7, 16, 1, 32, 1, 1, 4, 4, 9.336864 
128, 896, 896, 16, 3, 1, 7, 32, 1, 16, 2, 1, 8, 1, 26.847200 
128, 896, 896, 16, 3, 1, 7, 32, 1, 32, 1, 1, 4, 1, 21.134336 
128, 896, 896, 16, 3, 1, 7, 32, 1, 32, 1, 2, 4, 1, 20.796415 
128, 896, 896, 16, 3, 1, 7, 32, 1, 32, 1, 1, 4, 2, 26.913792 
128, 896, 896, 16, 3, 1, 8, 2, 1, 8, 4, 1, 14, 1, 3.790848 
128, 896, 896, 16, 3, 1, 8, 2, 1, 16, 2, 1, 7, 1, 4.540416 
128, 896, 896, 16, 3, 1, 8, 2, 1, 16, 2, 2, 7, 1, 4.046880 
128, 896, 896, 16, 3, 1, 8, 2, 1, 16, 2, 1, 7, 2, 3.785728 
128, 896, 896, 16, 3, 1, 8, 4, 1, 8, 4, 1, 14, 1, 4.328448 
128, 896, 896, 16, 3, 1, 8, 4, 1, 16, 2, 1, 7, 1, 3.991552 
128, 896, 896, 16, 3, 1, 8, 4, 1, 16, 2, 2, 7, 1, 4.492288 
128, 896, 896, 16, 3, 1, 8, 4, 1, 16, 2, 1, 7, 2, 4.317184 
128, 896, 896, 16, 3, 1, 8, 8, 1, 8, 4, 1, 14, 1, 3.828736 
128, 896, 896, 16, 3, 1, 8, 8, 1, 16, 2, 1, 7, 1, 3.328000 
128, 896, 896, 16, 3, 1, 8, 8, 1, 16, 2, 2, 7, 1, 3.905536 
128, 896, 896, 16, 3, 1, 8, 8, 1, 16, 2, 1, 7, 2, 3.830816 
128, 896, 896, 16, 3, 1, 8, 16, 1, 8, 4, 1, 14, 1, 0.002048 
128, 896, 896, 16, 3, 1, 8, 16, 1, 16, 2, 1, 7, 1, 14.633984 
128, 896, 896, 16, 3, 1, 8, 16, 1, 16, 2, 2, 7, 1, 0.002048 
128, 896, 896, 16, 3, 1, 8, 16, 1, 16, 2, 1, 7, 2, 0.002048 
128, 896, 896, 16, 3, 1, 14, 2, 1, 8, 4, 1, 8, 1, 3.732448 
128, 896, 896, 16, 3, 1, 14, 2, 1, 16, 2, 1, 4, 1, 4.824064 
128, 896, 896, 16, 3, 1, 14, 2, 1, 16, 2, 2, 4, 1, 3.891200 
128, 896, 896, 16, 3, 1, 14, 2, 1, 16, 2, 1, 4, 2, 3.735584 
128, 896, 896, 16, 3, 1, 14, 2, 1, 32, 1, 1, 2, 1, 7.739392 
128, 896, 896, 16, 3, 1, 14, 2, 1, 32, 1, 2, 2, 1, 6.770688 
128, 896, 896, 16, 3, 1, 14, 2, 1, 32, 1, 1, 2, 2, 4.825088 
128, 896, 896, 16, 3, 1, 14, 2, 1, 32, 1, 2, 2, 2, 3.899392 
128, 896, 896, 16, 3, 1, 14, 2, 1, 32, 1, 1, 2, 4, 3.732480 
128, 896, 896, 16, 3, 1, 14, 4, 1, 8, 4, 1, 8, 1, 3.047456 
128, 896, 896, 16, 3, 1, 14, 4, 1, 16, 2, 1, 4, 1, 3.442688 
128, 896, 896, 16, 3, 1, 14, 4, 1, 16, 2, 2, 4, 1, 3.114976 
128, 896, 896, 16, 3, 1, 14, 4, 1, 16, 2, 1, 4, 2, 3.046432 
128, 896, 896, 16, 3, 1, 14, 4, 1, 32, 1, 1, 2, 1, 5.310432 
128, 896, 896, 16, 3, 1, 14, 4, 1, 32, 1, 2, 2, 1, 4.449312 
128, 896, 896, 16, 3, 1, 14, 4, 1, 32, 1, 1, 2, 2, 3.435552 
128, 896, 896, 16, 3, 1, 14, 4, 1, 32, 1, 2, 2, 2, 3.116000 
128, 896, 896, 16, 3, 1, 14, 4, 1, 32, 1, 1, 2, 4, 3.055584 
128, 896, 896, 16, 3, 1, 14, 8, 1, 8, 4, 1, 8, 1, 11.450400 
128, 896, 896, 16, 3, 1, 14, 8, 1, 16, 2, 1, 4, 1, 16.274464 
128, 896, 896, 16, 3, 1, 14, 8, 1, 16, 2, 2, 4, 1, 11.368480 
128, 896, 896, 16, 3, 1, 14, 8, 1, 16, 2, 1, 4, 2, 11.479040 
128, 896, 896, 16, 3, 1, 14, 8, 1, 32, 1, 1, 2, 1, 12.130304 
128, 896, 896, 16, 3, 1, 14, 8, 1, 32, 1, 2, 2, 1, 12.905504 
128, 896, 896, 16, 3, 1, 14, 8, 1, 32, 1, 1, 2, 2, 16.241695 
128, 896, 896, 16, 3, 1, 14, 8, 1, 32, 1, 2, 2, 2, 11.370464 
128, 896, 896, 16, 3, 1, 14, 8, 1, 32, 1, 1, 2, 4, 11.533312 
128, 896, 896, 16, 3, 1, 16, 2, 1, 8, 4, 1, 7, 1, 4.176928 
128, 896, 896, 16, 3, 1, 16, 4, 1, 8, 4, 1, 7, 1, 3.413984 
128, 896, 896, 16, 3, 1, 16, 8, 1, 8, 4, 1, 7, 1, 10.883072 
128, 896, 896, 16, 3, 1, 28, 2, 1, 8, 4, 1, 4, 1, 4.562912 
128, 896, 896, 16, 3, 1, 28, 2, 1, 16, 2, 1, 2, 1, 5.528576 
128, 896, 896, 16, 3, 1, 28, 2, 1, 16, 2, 2, 2, 1, 4.857824 
128, 896, 896, 16, 3, 1, 28, 2, 1, 16, 2, 1, 2, 2, 4.644864 
128, 896, 896, 16, 3, 1, 28, 2, 1, 32, 1, 1, 1, 1, 32.601089 
128, 896, 896, 16, 3, 1, 28, 2, 1, 32, 1, 2, 1, 1, 8.985568 
128, 896, 896, 16, 3, 1, 28, 2, 1, 32, 1, 1, 1, 2, 5.534752 
128, 896, 896, 16, 3, 1, 28, 2, 1, 32, 1, 2, 1, 2, 4.888576 
128, 896, 896, 16, 3, 1, 28, 2, 1, 32, 1, 1, 1, 4, 4.565024 
128, 896, 896, 16, 3, 1, 28, 4, 1, 8, 4, 1, 4, 1, 5.864480 
128, 896, 896, 16, 3, 1, 28, 4, 1, 16, 2, 1, 2, 1, 6.921216 
128, 896, 896, 16, 3, 1, 28, 4, 1, 16, 2, 2, 2, 1, 6.144000 
128, 896, 896, 16, 3, 1, 28, 4, 1, 16, 2, 1, 2, 2, 5.849088 
128, 896, 896, 16, 3, 1, 28, 4, 1, 32, 1, 1, 1, 1, 24.907808 
128, 896, 896, 16, 3, 1, 28, 4, 1, 32, 1, 2, 1, 1, 9.488416 
128, 896, 896, 16, 3, 1, 28, 4, 1, 32, 1, 1, 1, 2, 6.965216 
128, 896, 896, 16, 3, 1, 28, 4, 1, 32, 1, 2, 1, 2, 6.172704 
128, 896, 896, 16, 3, 1, 28, 4, 1, 32, 1, 1, 1, 4, 5.874688 
128, 896, 896, 16, 3, 1, 56, 2, 1, 8, 4, 1, 2, 1, 6.299648 
128, 896, 896, 16, 3, 1, 56, 2, 1, 16, 2, 1, 1, 1, 23.787519 
128, 896, 896, 16, 3, 1, 56, 2, 1, 16, 2, 2, 1, 1, 6.767648 
128, 896, 896, 16, 3, 1, 56, 2, 1, 16, 2, 1, 1, 2, 6.456352 
64, 256, 256, 32, 3, 1, 1, 2, 1, 8, 4, 1, 32, 1, 1.003520 
64, 256, 256, 32, 3, 1, 1, 2, 1, 16, 2, 1, 16, 1, 0.933888 
64, 256, 256, 32, 3, 1, 1, 2, 1, 16, 2, 2, 16, 1, 0.998432 
64, 256, 256, 32, 3, 1, 1, 2, 1, 16, 2, 1, 16, 2, 1.005536 
64, 256, 256, 32, 3, 1, 1, 2, 1, 32, 1, 1, 8, 1, 1.012736 
64, 256, 256, 32, 3, 1, 1, 2, 1, 32, 1, 2, 8, 1, 0.980992 
64, 256, 256, 32, 3, 1, 1, 2, 1, 32, 1, 4, 8, 1, 0.966688 
64, 256, 256, 32, 3, 1, 1, 2, 1, 32, 1, 1, 8, 2, 0.939008 
64, 256, 256, 32, 3, 1, 1, 2, 1, 32, 1, 2, 8, 2, 0.995360 
64, 256, 256, 32, 3, 1, 1, 2, 1, 32, 1, 1, 8, 4, 1.004576 
64, 256, 256, 32, 3, 1, 1, 4, 1, 8, 4, 1, 32, 1, 0.002048 
64, 256, 256, 32, 3, 1, 1, 4, 1, 16, 2, 1, 16, 1, 0.973856 
64, 256, 256, 32, 3, 1, 1, 4, 1, 16, 2, 2, 16, 1, 0.003072 
64, 256, 256, 32, 3, 1, 1, 4, 1, 16, 2, 1, 16, 2, 0.002080 
64, 256, 256, 32, 3, 1, 1, 4, 1, 32, 1, 1, 8, 1, 0.716768 
64, 256, 256, 32, 3, 1, 1, 4, 1, 32, 1, 2, 8, 1, 1.000480 
64, 256, 256, 32, 3, 1, 1, 4, 1, 32, 1, 4, 8, 1, 0.002048 
64, 256, 256, 32, 3, 1, 1, 4, 1, 32, 1, 1, 8, 2, 0.970752 
64, 256, 256, 32, 3, 1, 1, 4, 1, 32, 1, 2, 8, 2, 0.002016 
64, 256, 256, 32, 3, 1, 1, 4, 1, 32, 1, 1, 8, 4, 0.003072 
64, 256, 256, 32, 3, 1, 1, 8, 1, 8, 4, 1, 32, 1, 0.002016 
64, 256, 256, 32, 3, 1, 1, 8, 1, 16, 2, 1, 16, 1, 0.586752 
64, 256, 256, 32, 3, 1, 1, 8, 1, 16, 2, 2, 16, 1, 0.002080 
64, 256, 256, 32, 3, 1, 1, 8, 1, 16, 2, 1, 16, 2, 0.002080 
64, 256, 256, 32, 3, 1, 1, 8, 1, 32, 1, 1, 8, 1, 0.571424 
64, 256, 256, 32, 3, 1, 1, 8, 1, 32, 1, 2, 8, 1, 0.602144 
64, 256, 256, 32, 3, 1, 1, 8, 1, 32, 1, 4, 8, 1, 0.003072 
64, 256, 256, 32, 3, 1, 1, 8, 1, 32, 1, 1, 8, 2, 0.584704 
64, 256, 256, 32, 3, 1, 1, 8, 1, 32, 1, 2, 8, 2, 0.002048 
64, 256, 256, 32, 3, 1, 1, 8, 1, 32, 1, 1, 8, 4, 0.002048 
64, 256, 256, 32, 3, 1, 1, 16, 1, 16, 2, 1, 16, 1, 0.432128 
64, 256, 256, 32, 3, 1, 1, 16, 1, 16, 2, 2, 16, 1, 0.002048 
64, 256, 256, 32, 3, 1, 1, 16, 1, 32, 1, 1, 8, 1, 0.395264 
64, 256, 256, 32, 3, 1, 1, 16, 1, 32, 1, 2, 8, 1, 0.443360 
64, 256, 256, 32, 3, 1, 1, 16, 1, 32, 1, 4, 8, 1, 0.002048 
64, 256, 256, 32, 3, 1, 1, 16, 1, 32, 1, 1, 8, 2, 0.432128 
64, 256, 256, 32, 3, 1, 1, 16, 1, 32, 1, 2, 8, 2, 0.003072 
64, 256, 256, 32, 3, 1, 1, 32, 1, 32, 1, 1, 8, 1, 0.340992 
64, 256, 256, 32, 3, 1, 1, 32, 1, 32, 1, 2, 8, 1, 0.399392 
64, 256, 256, 32, 3, 1, 1, 32, 1, 32, 1, 4, 8, 1, 0.002080 
64, 256, 256, 32, 3, 1, 2, 2, 1, 4, 8, 1, 32, 1, 0.542752 
64, 256, 256, 32, 3, 1, 2, 2, 1, 8, 4, 1, 16, 1, 0.533504 
64, 256, 256, 32, 3, 1, 2, 2, 1, 8, 4, 2, 16, 1, 0.550912 
64, 256, 256, 32, 3, 1, 2, 2, 1, 8, 4, 1, 16, 2, 0.544736 
64, 256, 256, 32, 3, 1, 2, 2, 1, 16, 2, 1, 8, 1, 0.564256 
64, 256, 256, 32, 3, 1, 2, 2, 1, 16, 2, 2, 8, 1, 0.521216 
64, 256, 256, 32, 3, 1, 2, 2, 1, 16, 2, 4, 8, 1, 0.560128 
64, 256, 256, 32, 3, 1, 2, 2, 1, 16, 2, 1, 8, 2, 0.533504 
64, 256, 256, 32, 3, 1, 2, 2, 1, 16, 2, 2, 8, 2, 0.548832 
64, 256, 256, 32, 3, 1, 2, 2, 1, 16, 2, 1, 8, 4, 0.543744 
64, 256, 256, 32, 3, 1, 2, 2, 1, 32, 1, 1, 4, 1, 0.690176 
64, 256, 256, 32, 3, 1, 2, 2, 1, 32, 1, 2, 4, 1, 0.614400 
64, 256, 256, 32, 3, 1, 2, 2, 1, 32, 1, 4, 4, 1, 0.564256 
64, 256, 256, 32, 3, 1, 2, 2, 1, 32, 1, 8, 4, 1, 0.617472 
64, 256, 256, 32, 3, 1, 2, 2, 1, 32, 1, 1, 4, 2, 0.566272 
64, 256, 256, 32, 3, 1, 2, 2, 1, 32, 1, 2, 4, 2, 0.522240 
64, 256, 256, 32, 3, 1, 2, 2, 1, 32, 1, 4, 4, 2, 0.556032 
64, 256, 256, 32, 3, 1, 2, 2, 1, 32, 1, 1, 4, 4, 0.532512 
64, 256, 256, 32, 3, 1, 2, 2, 1, 32, 1, 2, 4, 4, 0.549856 
64, 256, 256, 32, 3, 1, 2, 2, 1, 32, 1, 1, 4, 8, 0.543744 
64, 256, 256, 32, 3, 1, 2, 4, 1, 4, 8, 1, 32, 1, 0.002016 
64, 256, 256, 32, 3, 1, 2, 4, 1, 8, 4, 1, 16, 1, 0.580608 
64, 256, 256, 32, 3, 1, 2, 4, 1, 8, 4, 2, 16, 1, 0.002048 
64, 256, 256, 32, 3, 1, 2, 4, 1, 8, 4, 1, 16, 2, 0.003072 
64, 256, 256, 32, 3, 1, 2, 4, 1, 16, 2, 1, 8, 1, 0.414720 
64, 256, 256, 32, 3, 1, 2, 4, 1, 16, 2, 2, 8, 1, 0.547872 
64, 256, 256, 32, 3, 1, 2, 4, 1, 16, 2, 4, 8, 1, 0.002016 
64, 256, 256, 32, 3, 1, 2, 4, 1, 16, 2, 1, 8, 2, 0.581632 
64, 256, 256, 32, 3, 1, 2, 4, 1, 16, 2, 2, 8, 2, 0.002016 
64, 256, 256, 32, 3, 1, 2, 4, 1, 16, 2, 1, 8, 4, 0.002048 
64, 256, 256, 32, 3, 1, 2, 4, 1, 32, 1, 1, 4, 1, 0.463904 
64, 256, 256, 32, 3, 1, 2, 4, 1, 32, 1, 2, 4, 1, 0.444448 
64, 256, 256, 32, 3, 1, 2, 4, 1, 32, 1, 4, 4, 1, 0.582624 
64, 256, 256, 32, 3, 1, 2, 4, 1, 32, 1, 8, 4, 1, 0.002048 
64, 256, 256, 32, 3, 1, 2, 4, 1, 32, 1, 1, 4, 2, 0.411680 
64, 256, 256, 32, 3, 1, 2, 4, 1, 32, 1, 2, 4, 2, 0.546816 
64, 256, 256, 32, 3, 1, 2, 4, 1, 32, 1, 4, 4, 2, 0.002080 
64, 256, 256, 32, 3, 1, 2, 4, 1, 32, 1, 1, 4, 4, 0.580576 
64, 256, 256, 32, 3, 1, 2, 4, 1, 32, 1, 2, 4, 4, 0.003072 
64, 256, 256, 32, 3, 1, 2, 4, 1, 32, 1, 1, 4, 8, 0.002048 
64, 256, 256, 32, 3, 1, 2, 8, 1, 8, 4, 1, 16, 1, 0.421920 
64, 256, 256, 32, 3, 1, 2, 8, 1, 8, 4, 2, 16, 1, 0.003072 
64, 256, 256, 32, 3, 1, 2, 8, 1, 16, 2, 1, 8, 1, 0.299008 
64, 256, 256, 32, 3, 1, 2, 8, 1, 16, 2, 2, 8, 1, 0.393216 
64, 256, 256, 32, 3, 1, 2, 8, 1, 16, 2, 4, 8, 1, 0.002048 
64, 256, 256, 32, 3, 1, 2, 8, 1, 16, 2, 1, 8, 2, 0.422880 
64, 256, 256, 32, 3, 1, 2, 8, 1, 16, 2, 2, 8, 2, 0.002048 
64, 256, 256, 32, 3, 1, 2, 8, 1, 32, 1, 1, 4, 1, 0.334880 
64, 256, 256, 32, 3, 1, 2, 8, 1, 32, 1, 2, 4, 1, 0.303136 
64, 256, 256, 32, 3, 1, 2, 8, 1, 32, 1, 4, 4, 1, 0.405504 
64, 256, 256, 32, 3, 1, 2, 8, 1, 32, 1, 8, 4, 1, 0.003072 
64, 256, 256, 32, 3, 1, 2, 8, 1, 32, 1, 1, 4, 2, 0.306176 
64, 256, 256, 32, 3, 1, 2, 8, 1, 32, 1, 2, 4, 2, 0.394208 
64, 256, 256, 32, 3, 1, 2, 8, 1, 32, 1, 4, 4, 2, 0.002048 
64, 256, 256, 32, 3, 1, 2, 8, 1, 32, 1, 1, 4, 4, 0.421888 
64, 256, 256, 32, 3, 1, 2, 8, 1, 32, 1, 2, 4, 4, 0.002016 
64, 256, 256, 32, 3, 1, 2, 16, 1, 16, 2, 1, 8, 1, 0.304128 
64, 256, 256, 32, 3, 1, 2, 16, 1, 16, 2, 2, 8, 1, 0.356384 
64, 256, 256, 32, 3, 1, 2, 16, 1, 16, 2, 4, 8, 1, 0.002080 
64, 256, 256, 32, 3, 1, 2, 16, 1, 32, 1, 1, 4, 1, 0.288800 
64, 256, 256, 32, 3, 1, 2, 16, 1, 32, 1, 2, 4, 1, 0.315360 
64, 256, 256, 32, 3, 1, 2, 16, 1, 32, 1, 4, 4, 1, 0.363488 
64, 256, 256, 32, 3, 1, 2, 16, 1, 32, 1, 8, 4, 1, 0.002016 
64, 256, 256, 32, 3, 1, 2, 16, 1, 32, 1, 1, 4, 2, 0.303104 
64, 256, 256, 32, 3, 1, 2, 16, 1, 32, 1, 2, 4, 2, 0.355328 
64, 256, 256, 32, 3, 1, 2, 16, 1, 32, 1, 4, 4, 2, 0.003072 
64, 256, 256, 32, 3, 1, 2, 32, 1, 32, 1, 1, 4, 1, 0.271360 
64, 256, 256, 32, 3, 1, 2, 32, 1, 32, 1, 2, 4, 1, 0.294912 
64, 256, 256, 32, 3, 1, 2, 32, 1, 32, 1, 4, 4, 1, 0.318464 
64, 256, 256, 32, 3, 1, 4, 2, 1, 2, 16, 1, 32, 1, 0.369664 
64, 256, 256, 32, 3, 1, 4, 2, 1, 4, 8, 1, 16, 1, 0.354336 
64, 256, 256, 32, 3, 1, 4, 2, 1, 4, 8, 2, 16, 1, 0.358400 
64, 256, 256, 32, 3, 1, 4, 2, 1, 4, 8, 1, 16, 2, 0.371712 
64, 256, 256, 32, 3, 1, 4, 2, 1, 8, 4, 1, 8, 1, 0.359424 
64, 256, 256, 32, 3, 1, 4, 2, 1, 8, 4, 2, 8, 1, 0.348192 
64, 256, 256, 32, 3, 1, 4, 2, 1, 8, 4, 4, 8, 1, 0.390144 
64, 256, 256, 32, 3, 1, 4, 2, 1, 8, 4, 1, 8, 2, 0.349216 
64, 256, 256, 32, 3, 1, 4, 2, 1, 8, 4, 2, 8, 2, 0.357376 
64, 256, 256, 32, 3, 1, 4, 2, 1, 8, 4, 1, 8, 4, 0.370720 
64, 256, 256, 32, 3, 1, 4, 2, 1, 16, 2, 1, 4, 1, 0.440352 
64, 256, 256, 32, 3, 1, 4, 2, 1, 16, 2, 2, 4, 1, 0.377856 
64, 256, 256, 32, 3, 1, 4, 2, 1, 16, 2, 4, 4, 1, 0.351200 
64, 256, 256, 32, 3, 1, 4, 2, 1, 16, 2, 8, 4, 1, 0.459776 
64, 256, 256, 32, 3, 1, 4, 2, 1, 16, 2, 1, 4, 2, 0.361472 
64, 256, 256, 32, 3, 1, 4, 2, 1, 16, 2, 2, 4, 2, 0.338944 
64, 256, 256, 32, 3, 1, 4, 2, 1, 16, 2, 4, 4, 2, 0.390144 
64, 256, 256, 32, 3, 1, 4, 2, 1, 16, 2, 1, 4, 4, 0.343072 
64, 256, 256, 32, 3, 1, 4, 2, 1, 16, 2, 2, 4, 4, 0.359424 
64, 256, 256, 32, 3, 1, 4, 2, 1, 16, 2, 1, 4, 8, 0.370720 
64, 256, 256, 32, 3, 1, 4, 2, 1, 32, 1, 1, 2, 1, 0.621568 
64, 256, 256, 32, 3, 1, 4, 2, 1, 32, 1, 2, 2, 1, 0.503840 
64, 256, 256, 32, 3, 1, 4, 2, 1, 32, 1, 4, 2, 1, 0.440288 
64, 256, 256, 32, 3, 1, 4, 2, 1, 32, 1, 8, 2, 1, 0.428064 
64, 256, 256, 32, 3, 1, 4, 2, 1, 32, 1, 1, 2, 2, 0.439264 
64, 256, 256, 32, 3, 1, 4, 2, 1, 32, 1, 2, 2, 2, 0.373792 
64, 256, 256, 32, 3, 1, 4, 2, 1, 32, 1, 4, 2, 2, 0.362496 
64, 256, 256, 32, 3, 1, 4, 2, 1, 32, 1, 8, 2, 2, 0.459776 
64, 256, 256, 32, 3, 1, 4, 2, 1, 32, 1, 1, 2, 4, 0.366592 
64, 256, 256, 32, 3, 1, 4, 2, 1, 32, 1, 2, 2, 4, 0.359392 
64, 256, 256, 32, 3, 1, 4, 2, 1, 32, 1, 4, 2, 4, 0.390144 
64, 256, 256, 32, 3, 1, 4, 2, 1, 32, 1, 1, 2, 8, 0.338976 
64, 256, 256, 32, 3, 1, 4, 2, 1, 32, 1, 2, 2, 8, 0.360480 
64, 256, 256, 32, 3, 1, 4, 2, 1, 32, 1, 1, 2, 16, 0.371680 
64, 256, 256, 32, 3, 1, 4, 4, 1, 4, 8, 1, 16, 1, 0.395232 
64, 256, 256, 32, 3, 1, 4, 4, 1, 4, 8, 2, 16, 1, 0.002080 
64, 256, 256, 32, 3, 1, 4, 4, 1, 8, 4, 1, 8, 1, 0.303136 
64, 256, 256, 32, 3, 1, 4, 4, 1, 8, 4, 2, 8, 1, 0.395232 
64, 256, 256, 32, 3, 1, 4, 4, 1, 8, 4, 4, 8, 1, 0.002048 
64, 256, 256, 32, 3, 1, 4, 4, 1, 8, 4, 1, 8, 2, 0.395232 
64, 256, 256, 32, 3, 1, 4, 4, 1, 8, 4, 2, 8, 2, 0.002080 
64, 256, 256, 32, 3, 1, 4, 4, 1, 16, 2, 1, 4, 1, 0.311296 
64, 256, 256, 32, 3, 1, 4, 4, 1, 16, 2, 2, 4, 1, 0.299040 
64, 256, 256, 32, 3, 1, 4, 4, 1, 16, 2, 4, 4, 1, 0.398368 
64, 256, 256, 32, 3, 1, 4, 4, 1, 16, 2, 8, 4, 1, 0.002048 
64, 256, 256, 32, 3, 1, 4, 4, 1, 16, 2, 1, 4, 2, 0.306176 
64, 256, 256, 32, 3, 1, 4, 4, 1, 16, 2, 2, 4, 2, 0.394208 
64, 256, 256, 32, 3, 1, 4, 4, 1, 16, 2, 4, 4, 2, 0.003104 
64, 256, 256, 32, 3, 1, 4, 4, 1, 16, 2, 1, 4, 4, 0.393216 
64, 256, 256, 32, 3, 1, 4, 4, 1, 16, 2, 2, 4, 4, 0.003072 
64, 256, 256, 32, 3, 1, 4, 4, 1, 32, 1, 1, 2, 1, 0.346112 
64, 256, 256, 32, 3, 1, 4, 4, 1, 32, 1, 2, 2, 1, 0.331776 
64, 256, 256, 32, 3, 1, 4, 4, 1, 32, 1, 4, 2, 1, 0.322560 
64, 256, 256, 32, 3, 1, 4, 4, 1, 32, 1, 8, 2, 1, 0.439296 
64, 256, 256, 32, 3, 1, 4, 4, 1, 32, 1, 1, 2, 2, 0.312352 
64, 256, 256, 32, 3, 1, 4, 4, 1, 32, 1, 2, 2, 2, 0.311264 
64, 256, 256, 32, 3, 1, 4, 4, 1, 32, 1, 4, 2, 2, 0.397312 
64, 256, 256, 32, 3, 1, 4, 4, 1, 32, 1, 8, 2, 2, 0.002016 
64, 256, 256, 32, 3, 1, 4, 4, 1, 32, 1, 1, 2, 4, 0.300032 
64, 256, 256, 32, 3, 1, 4, 4, 1, 32, 1, 2, 2, 4, 0.398336 
64, 256, 256, 32, 3, 1, 4, 4, 1, 32, 1, 4, 2, 4, 0.002016 
64, 256, 256, 32, 3, 1, 4, 4, 1, 32, 1, 1, 2, 8, 0.396288 
64, 256, 256, 32, 3, 1, 4, 4, 1, 32, 1, 2, 2, 8, 0.002048 
64, 256, 256, 32, 3, 1, 4, 8, 1, 8, 4, 1, 8, 1, 0.303072 
64, 256, 256, 32, 3, 1, 4, 8, 1, 8, 4, 2, 8, 1, 0.356352 
64, 256, 256, 32, 3, 1, 4, 8, 1, 8, 4, 4, 8, 1, 0.002080 
64, 256, 256, 32, 3, 1, 4, 8, 1, 16, 2, 1, 4, 1, 0.274400 
64, 256, 256, 32, 3, 1, 4, 8, 1, 16, 2, 2, 4, 1, 0.311328 
64, 256, 256, 32, 3, 1, 4, 8, 1, 16, 2, 4, 4, 1, 0.358432 
64, 256, 256, 32, 3, 1, 4, 8, 1, 16, 2, 8, 4, 1, 0.002048 
64, 256, 256, 32, 3, 1, 4, 8, 1, 16, 2, 1, 4, 2, 0.302048 
64, 256, 256, 32, 3, 1, 4, 8, 1, 16, 2, 2, 4, 2, 0.358400 
64, 256, 256, 32, 3, 1, 4, 8, 1, 16, 2, 4, 4, 2, 0.002048 
64, 256, 256, 32, 3, 1, 4, 8, 1, 32, 1, 1, 2, 1, 0.289792 
64, 256, 256, 32, 3, 1, 4, 8, 1, 32, 1, 2, 2, 1, 0.288768 
64, 256, 256, 32, 3, 1, 4, 8, 1, 32, 1, 4, 2, 1, 0.316416 
64, 256, 256, 32, 3, 1, 4, 8, 1, 32, 1, 8, 2, 1, 0.379904 
64, 256, 256, 32, 3, 1, 4, 8, 1, 32, 1, 1, 2, 2, 0.280576 
64, 256, 256, 32, 3, 1, 4, 8, 1, 32, 1, 2, 2, 2, 0.330752 
64, 256, 256, 32, 3, 1, 4, 8, 1, 32, 1, 4, 2, 2, 0.360416 
64, 256, 256, 32, 3, 1, 4, 8, 1, 32, 1, 8, 2, 2, 0.003072 
64, 256, 256, 32, 3, 1, 4, 8, 1, 32, 1, 1, 2, 4, 0.329728 
64, 256, 256, 32, 3, 1, 4, 8, 1, 32, 1, 2, 2, 4, 0.357376 
64, 256, 256, 32, 3, 1, 4, 8, 1, 32, 1, 4, 2, 4, 0.002016 
64, 256, 256, 32, 3, 1, 4, 16, 1, 16, 2, 1, 4, 1, 0.266240 
64, 256, 256, 32, 3, 1, 4, 16, 1, 16, 2, 2, 4, 1, 0.295904 
64, 256, 256, 32, 3, 1, 4, 16, 1, 16, 2, 4, 4, 1, 0.316416 
64, 256, 256, 32, 3, 1, 4, 16, 1, 32, 1, 1, 2, 1, 0.305184 
64, 256, 256, 32, 3, 1, 4, 16, 1, 32, 1, 2, 2, 1, 0.279552 
64, 256, 256, 32, 3, 1, 4, 16, 1, 32, 1, 4, 2, 1, 0.309216 
64, 256, 256, 32, 3, 1, 4, 16, 1, 32, 1, 8, 2, 1, 0.330720 
64, 256, 256, 32, 3, 1, 4, 16, 1, 32, 1, 1, 2, 2, 0.257024 
64, 256, 256, 32, 3, 1, 4, 16, 1, 32, 1, 2, 2, 2, 0.294944 
64, 256, 256, 32, 3, 1, 4, 16, 1, 32, 1, 4, 2, 2, 0.316416 
64, 256, 256, 32, 3, 1, 4, 32, 1, 32, 1, 1, 2, 1, 2.072608 
64, 256, 256, 32, 3, 1, 4, 32, 1, 32, 1, 2, 2, 1, 2.396192 
64, 256, 256, 32, 3, 1, 4, 32, 1, 32, 1, 4, 2, 1, 1.795072 
64, 256, 256, 32, 3, 1, 8, 2, 1, 2, 16, 1, 16, 1, 0.396256 
64, 256, 256, 32, 3, 1, 8, 2, 1, 2, 16, 2, 16, 1, 0.002048 
64, 256, 256, 32, 3, 1, 8, 2, 1, 4, 8, 1, 8, 1, 0.306208 
64, 256, 256, 32, 3, 1, 8, 2, 1, 4, 8, 2, 8, 1, 0.403456 
64, 256, 256, 32, 3, 1, 8, 2, 1, 4, 8, 4, 8, 1, 0.002080 
64, 256, 256, 32, 3, 1, 8, 2, 1, 4, 8, 1, 8, 2, 0.396288 
64, 256, 256, 32, 3, 1, 8, 2, 1, 4, 8, 2, 8, 2, 0.003072 
64, 256, 256, 32, 3, 1, 8, 2, 1, 8, 4, 1, 4, 1, 0.323616 
64, 256, 256, 32, 3, 1, 8, 2, 1, 8, 4, 2, 4, 1, 0.316416 
64, 256, 256, 32, 3, 1, 8, 2, 1, 8, 4, 4, 4, 1, 0.411648 
64, 256, 256, 32, 3, 1, 8, 2, 1, 8, 4, 1, 4, 2, 0.312320 
64, 256, 256, 32, 3, 1, 8, 2, 1, 8, 4, 2, 4, 2, 0.400384 
64, 256, 256, 32, 3, 1, 8, 2, 1, 8, 4, 4, 4, 2, 0.002048 
64, 256, 256, 32, 3, 1, 8, 2, 1, 8, 4, 1, 4, 4, 0.396288 
64, 256, 256, 32, 3, 1, 8, 2, 1, 8, 4, 2, 4, 4, 0.002080 
64, 256, 256, 32, 3, 1, 8, 2, 1, 16, 2, 1, 2, 1, 0.367648 
64, 256, 256, 32, 3, 1, 8, 2, 1, 16, 2, 2, 2, 1, 0.346144 
64, 256, 256, 32, 3, 1, 8, 2, 1, 16, 2, 4, 2, 1, 0.345120 
64, 256, 256, 32, 3, 1, 8, 2, 1, 16, 2, 8, 2, 1, 0.449472 
64, 256, 256, 32, 3, 1, 8, 2, 1, 16, 2, 1, 2, 2, 0.322560 
64, 256, 256, 32, 3, 1, 8, 2, 1, 16, 2, 2, 2, 2, 0.313344 
64, 256, 256, 32, 3, 1, 8, 2, 1, 16, 2, 4, 2, 2, 0.411616 
64, 256, 256, 32, 3, 1, 8, 2, 1, 16, 2, 1, 2, 4, 0.312288 
64, 256, 256, 32, 3, 1, 8, 2, 1, 16, 2, 2, 2, 4, 0.402432 
64, 256, 256, 32, 3, 1, 8, 2, 1, 16, 2, 4, 2, 4, 0.002048 
64, 256, 256, 32, 3, 1, 8, 2, 1, 16, 2, 1, 2, 8, 0.397280 
64, 256, 256, 32, 3, 1, 8, 2, 1, 16, 2, 2, 2, 8, 0.002080 
64, 256, 256, 32, 3, 1, 8, 2, 1, 32, 1, 1, 1, 1, 0.706560 
64, 256, 256, 32, 3, 1, 8, 2, 1, 32, 1, 2, 1, 1, 0.539648 
64, 256, 256, 32, 3, 1, 8, 2, 1, 32, 1, 4, 1, 1, 0.526336 
64, 256, 256, 32, 3, 1, 8, 2, 1, 32, 1, 8, 1, 1, 0.522208 
64, 256, 256, 32, 3, 1, 8, 2, 1, 32, 1, 1, 1, 2, 0.366624 
64, 256, 256, 32, 3, 1, 8, 2, 1, 32, 1, 2, 1, 2, 0.340992 
64, 256, 256, 32, 3, 1, 8, 2, 1, 32, 1, 4, 1, 2, 0.349152 
64, 256, 256, 32, 3, 1, 8, 2, 1, 32, 1, 8, 1, 2, 0.450528 
64, 256, 256, 32, 3, 1, 8, 2, 1, 32, 1, 1, 1, 4, 0.328736 
64, 256, 256, 32, 3, 1, 8, 2, 1, 32, 1, 2, 1, 4, 0.315392 
64, 256, 256, 32, 3, 1, 8, 2, 1, 32, 1, 4, 1, 4, 0.410624 
64, 256, 256, 32, 3, 1, 8, 2, 1, 32, 1, 1, 1, 8, 0.318496 
64, 256, 256, 32, 3, 1, 8, 2, 1, 32, 1, 2, 1, 8, 0.403456 
64, 256, 256, 32, 3, 1, 8, 2, 1, 32, 1, 4, 1, 8, 0.002048 
64, 256, 256, 32, 3, 1, 8, 2, 1, 32, 1, 1, 1, 16, 0.397344 
64, 256, 256, 32, 3, 1, 8, 2, 1, 32, 1, 2, 1, 16, 0.002080 
64, 256, 256, 32, 3, 1, 8, 4, 1, 4, 8, 1, 8, 1, 0.306208 
64, 256, 256, 32, 3, 1, 8, 4, 1, 4, 8, 2, 8, 1, 0.355328 
64, 256, 256, 32, 3, 1, 8, 4, 1, 4, 8, 4, 8, 1, 0.002080 
64, 256, 256, 32, 3, 1, 8, 4, 1, 8, 4, 1, 4, 1, 0.280544 
64, 256, 256, 32, 3, 1, 8, 4, 1, 8, 4, 2, 4, 1, 0.312288 
64, 256, 256, 32, 3, 1, 8, 4, 1, 8, 4, 4, 4, 1, 0.361440 
64, 256, 256, 32, 3, 1, 8, 4, 1, 8, 4, 1, 4, 2, 0.307200 
64, 256, 256, 32, 3, 1, 8, 4, 1, 8, 4, 2, 4, 2, 0.356384 
64, 256, 256, 32, 3, 1, 8, 4, 1, 8, 4, 4, 4, 2, 0.003072 
64, 256, 256, 32, 3, 1, 8, 4, 1, 16, 2, 1, 2, 1, 0.292864 
64, 256, 256, 32, 3, 1, 8, 4, 1, 16, 2, 2, 2, 1, 0.281632 
64, 256, 256, 32, 3, 1, 8, 4, 1, 16, 2, 4, 2, 1, 0.321536 
64, 256, 256, 32, 3, 1, 8, 4, 1, 16, 2, 8, 2, 1, 0.379936 
64, 256, 256, 32, 3, 1, 8, 4, 1, 16, 2, 1, 2, 2, 0.280576 
64, 256, 256, 32, 3, 1, 8, 4, 1, 16, 2, 2, 2, 2, 0.312320 
64, 256, 256, 32, 3, 1, 8, 4, 1, 16, 2, 4, 2, 2, 0.362496 
64, 256, 256, 32, 3, 1, 8, 4, 1, 16, 2, 1, 2, 4, 0.307200 
64, 256, 256, 32, 3, 1, 8, 4, 1, 16, 2, 2, 2, 4, 0.356352 
64, 256, 256, 32, 3, 1, 8, 4, 1, 16, 2, 4, 2, 4, 0.002016 
64, 256, 256, 32, 3, 1, 8, 4, 1, 32, 1, 1, 1, 1, 0.444416 
64, 256, 256, 32, 3, 1, 8, 4, 1, 32, 1, 2, 1, 1, 0.328640 
64, 256, 256, 32, 3, 1, 8, 4, 1, 32, 1, 4, 1, 1, 0.326656 
64, 256, 256, 32, 3, 1, 8, 4, 1, 32, 1, 8, 1, 1, 0.368672 
64, 256, 256, 32, 3, 1, 8, 4, 1, 32, 1, 1, 1, 2, 0.294944 
64, 256, 256, 32, 3, 1, 8, 4, 1, 32, 1, 2, 1, 2, 0.291872 
64, 256, 256, 32, 3, 1, 8, 4, 1, 32, 1, 4, 1, 2, 0.324672 
64, 256, 256, 32, 3, 1, 8, 4, 1, 32, 1, 8, 1, 2, 0.379904 
64, 256, 256, 32, 3, 1, 8, 4, 1, 32, 1, 1, 1, 4, 0.281632 
64, 256, 256, 32, 3, 1, 8, 4, 1, 32, 1, 2, 1, 4, 0.314368 
64, 256, 256, 32, 3, 1, 8, 4, 1, 32, 1, 4, 1, 4, 0.362496 
64, 256, 256, 32, 3, 1, 8, 4, 1, 32, 1, 1, 1, 8, 0.308192 
64, 256, 256, 32, 3, 1, 8, 4, 1, 32, 1, 2, 1, 8, 0.356352 
64, 256, 256, 32, 3, 1, 8, 4, 1, 32, 1, 4, 1, 8, 0.002080 
64, 256, 256, 32, 3, 1, 8, 8, 1, 8, 4, 1, 4, 1, 0.264192 
64, 256, 256, 32, 3, 1, 8, 8, 1, 8, 4, 2, 4, 1, 0.292832 
64, 256, 256, 32, 3, 1, 8, 8, 1, 8, 4, 4, 4, 1, 0.314336 
64, 256, 256, 32, 3, 1, 8, 8, 1, 16, 2, 1, 2, 1, 0.258080 
64, 256, 256, 32, 3, 1, 8, 8, 1, 16, 2, 2, 2, 1, 0.265216 
64, 256, 256, 32, 3, 1, 8, 8, 1, 16, 2, 4, 2, 1, 0.296928 
64, 256, 256, 32, 3, 1, 8, 8, 1, 16, 2, 8, 2, 1, 0.324576 
64, 256, 256, 32, 3, 1, 8, 8, 1, 16, 2, 1, 2, 2, 0.265184 
64, 256, 256, 32, 3, 1, 8, 8, 1, 16, 2, 2, 2, 2, 0.291840 
64, 256, 256, 32, 3, 1, 8, 8, 1, 16, 2, 4, 2, 2, 0.315360 
64, 256, 256, 32, 3, 1, 8, 8, 1, 32, 1, 1, 1, 1, 0.348128 
64, 256, 256, 32, 3, 1, 8, 8, 1, 32, 1, 2, 1, 1, 0.290816 
64, 256, 256, 32, 3, 1, 8, 8, 1, 32, 1, 4, 1, 1, 0.284672 
64, 256, 256, 32, 3, 1, 8, 8, 1, 32, 1, 8, 1, 1, 0.310304 
64, 256, 256, 32, 3, 1, 8, 8, 1, 32, 1, 1, 1, 2, 0.272352 
64, 256, 256, 32, 3, 1, 8, 8, 1, 32, 1, 2, 1, 2, 0.270368 
64, 256, 256, 32, 3, 1, 8, 8, 1, 32, 1, 4, 1, 2, 0.296960 
64, 256, 256, 32, 3, 1, 8, 8, 1, 32, 1, 8, 1, 2, 0.323584 
64, 256, 256, 32, 3, 1, 8, 8, 1, 32, 1, 1, 1, 4, 0.266208 
64, 256, 256, 32, 3, 1, 8, 8, 1, 32, 1, 2, 1, 4, 0.292896 
64, 256, 256, 32, 3, 1, 8, 8, 1, 32, 1, 4, 1, 4, 0.315360 
64, 256, 256, 32, 3, 1, 8, 16, 1, 16, 2, 1, 2, 1, 2.026528 
64, 256, 256, 32, 3, 1, 8, 16, 1, 16, 2, 2, 2, 1, 1.941536 
64, 256, 256, 32, 3, 1, 8, 16, 1, 16, 2, 4, 2, 1, 1.368064 
64, 256, 256, 32, 3, 1, 8, 16, 1, 32, 1, 1, 1, 1, 2.577408 
64, 256, 256, 32, 3, 1, 8, 16, 1, 32, 1, 2, 1, 1, 2.443264 
64, 256, 256, 32, 3, 1, 8, 16, 1, 32, 1, 4, 1, 1, 2.565120 
64, 256, 256, 32, 3, 1, 8, 16, 1, 32, 1, 8, 1, 1, 1.584160 
64, 256, 256, 32, 3, 1, 8, 16, 1, 32, 1, 1, 1, 2, 2.027552 
64, 256, 256, 32, 3, 1, 8, 16, 1, 32, 1, 2, 1, 2, 1.915904 
64, 256, 256, 32, 3, 1, 8, 16, 1, 32, 1, 4, 1, 2, 1.386528 
64, 256, 256, 32, 3, 1, 16, 2, 1, 2, 16, 1, 8, 1, 0.309280 
64, 256, 256, 32, 3, 1, 16, 2, 1, 2, 16, 2, 8, 1, 0.360448 
64, 256, 256, 32, 3, 1, 16, 2, 1, 4, 8, 1, 4, 1, 0.288768 
64, 256, 256, 32, 3, 1, 16, 2, 1, 4, 8, 2, 4, 1, 0.316448 
64, 256, 256, 32, 3, 1, 16, 2, 1, 4, 8, 4, 4, 1, 0.368640 
64, 256, 256, 32, 3, 1, 16, 2, 1, 4, 8, 1, 4, 2, 0.310272 
64, 256, 256, 32, 3, 1, 16, 2, 1, 4, 8, 2, 4, 2, 0.363520 
64, 256, 256, 32, 3, 1, 16, 2, 1, 8, 4, 1, 2, 1, 0.315424 
64, 256, 256, 32, 3, 1, 16, 2, 1, 8, 4, 2, 2, 1, 0.290848 
64, 256, 256, 32, 3, 1, 16, 2, 1, 8, 4, 4, 2, 1, 0.336896 
64, 256, 256, 32, 3, 1, 16, 2, 1, 8, 4, 1, 2, 2, 0.288768 
64, 256, 256, 32, 3, 1, 16, 2, 1, 8, 4, 2, 2, 2, 0.320512 
64, 256, 256, 32, 3, 1, 16, 2, 1, 8, 4, 4, 2, 2, 0.365568 
64, 256, 256, 32, 3, 1, 16, 2, 1, 8, 4, 1, 2, 4, 0.309248 
64, 256, 256, 32, 3, 1, 16, 2, 1, 8, 4, 2, 2, 4, 0.361440 
64, 256, 256, 32, 3, 1, 16, 2, 1, 16, 2, 1, 1, 1, 0.489504 
64, 256, 256, 32, 3, 1, 16, 2, 1, 16, 2, 2, 1, 1, 0.430080 
64, 256, 256, 32, 3, 1, 16, 2, 1, 16, 2, 4, 1, 1, 0.436256 
64, 256, 256, 32, 3, 1, 16, 2, 1, 16, 2, 8, 1, 1, 0.465888 
64, 256, 256, 32, 3, 1, 16, 2, 1, 16, 2, 1, 1, 2, 0.318496 
64, 256, 256, 32, 3, 1, 16, 2, 1, 16, 2, 2, 1, 2, 0.290816 
64, 256, 256, 32, 3, 1, 16, 2, 1, 16, 2, 4, 1, 2, 0.331808 
64, 256, 256, 32, 3, 1, 16, 2, 1, 16, 2, 1, 1, 4, 0.289792 
64, 256, 256, 32, 3, 1, 16, 2, 1, 16, 2, 2, 1, 4, 0.321568 
64, 256, 256, 32, 3, 1, 16, 2, 1, 16, 2, 4, 1, 4, 0.367616 
64, 256, 256, 32, 3, 1, 16, 2, 1, 16, 2, 1, 1, 8, 0.308224 
64, 256, 256, 32, 3, 1, 16, 2, 1, 16, 2, 2, 1, 8, 0.359392 
64, 256, 256, 32, 3, 1, 16, 4, 1, 4, 8, 1, 4, 1, 0.276512 
64, 256, 256, 32, 3, 1, 16, 4, 1, 4, 8, 2, 4, 1, 0.300064 
64, 256, 256, 32, 3, 1, 16, 4, 1, 4, 8, 4, 4, 1, 0.321536 
64, 256, 256, 32, 3, 1, 16, 4, 1, 8, 4, 1, 2, 1, 0.268256 
64, 256, 256, 32, 3, 1, 16, 4, 1, 8, 4, 2, 2, 1, 0.273376 
64, 256, 256, 32, 3, 1, 16, 4, 1, 8, 4, 4, 2, 1, 0.305184 
64, 256, 256, 32, 3, 1, 16, 4, 1, 8, 4, 1, 2, 2, 0.269312 
64, 256, 256, 32, 3, 1, 16, 4, 1, 8, 4, 2, 2, 2, 0.299008 
64, 256, 256, 32, 3, 1, 16, 4, 1, 8, 4, 4, 2, 2, 0.322560 
64, 256, 256, 32, 3, 1, 16, 4, 1, 16, 2, 1, 1, 1, 0.370688 
64, 256, 256, 32, 3, 1, 16, 4, 1, 16, 2, 2, 1, 1, 0.300032 
64, 256, 256, 32, 3, 1, 16, 4, 1, 16, 2, 4, 1, 1, 0.318464 
64, 256, 256, 32, 3, 1, 16, 4, 1, 16, 2, 8, 1, 1, 0.330752 
64, 256, 256, 32, 3, 1, 16, 4, 1, 16, 2, 1, 1, 2, 0.280576 
64, 256, 256, 32, 3, 1, 16, 4, 1, 16, 2, 2, 1, 2, 0.275488 
64, 256, 256, 32, 3, 1, 16, 4, 1, 16, 2, 4, 1, 2, 0.303104 
64, 256, 256, 32, 3, 1, 16, 4, 1, 16, 2, 1, 1, 4, 0.271360 
64, 256, 256, 32, 3, 1, 16, 4, 1, 16, 2, 2, 1, 4, 0.300064 
64, 256, 256, 32, 3, 1, 16, 4, 1, 16, 2, 4, 1, 4, 0.321504 
64, 256, 256, 32, 3, 1, 16, 8, 1, 8, 4, 1, 2, 1, 1.747968 
64, 256, 256, 32, 3, 1, 16, 8, 1, 8, 4, 2, 2, 1, 1.336320 
64, 256, 256, 32, 3, 1, 16, 8, 1, 8, 4, 4, 2, 1, 1.053696 
64, 256, 256, 32, 3, 1, 16, 8, 1, 16, 2, 1, 1, 1, 1.629152 
64, 256, 256, 32, 3, 1, 16, 8, 1, 16, 2, 2, 1, 1, 1.701920 
64, 256, 256, 32, 3, 1, 16, 8, 1, 16, 2, 4, 1, 1, 1.551392 
64, 256, 256, 32, 3, 1, 16, 8, 1, 16, 2, 8, 1, 1, 1.107936 
64, 256, 256, 32, 3, 1, 16, 8, 1, 16, 2, 1, 1, 2, 1.620000 
64, 256, 256, 32, 3, 1, 16, 8, 1, 16, 2, 2, 1, 2, 1.331232 
64, 256, 256, 32, 3, 1, 16, 8, 1, 16, 2, 4, 1, 2, 1.069024 
64, 256, 256, 32, 3, 1, 32, 2, 1, 2, 16, 1, 4, 1, 0.303136 
64, 256, 256, 32, 3, 1, 32, 2, 1, 2, 16, 2, 4, 1, 0.313344 
64, 256, 256, 32, 3, 1, 32, 2, 1, 4, 8, 1, 2, 1, 0.343072 
64, 256, 256, 32, 3, 1, 32, 2, 1, 4, 8, 2, 2, 1, 0.338944 
64, 256, 256, 32, 3, 1, 32, 2, 1, 4, 8, 4, 2, 1, 0.344096 
64, 256, 256, 32, 3, 1, 32, 2, 1, 4, 8, 1, 2, 2, 0.299040 
64, 256, 256, 32, 3, 1, 32, 2, 1, 4, 8, 2, 2, 2, 0.311296 
64, 256, 256, 32, 3, 1, 32, 2, 1, 8, 4, 1, 1, 1, 0.592928 
64, 256, 256, 32, 3, 1, 32, 2, 1, 8, 4, 2, 1, 1, 0.411616 
64, 256, 256, 32, 3, 1, 32, 2, 1, 8, 4, 4, 1, 1, 0.522240 
64, 256, 256, 32, 3, 1, 32, 2, 1, 8, 4, 1, 1, 2, 0.339904 
64, 256, 256, 32, 3, 1, 32, 2, 1, 8, 4, 2, 1, 2, 0.343040 
64, 256, 256, 32, 3, 1, 32, 2, 1, 8, 4, 4, 1, 2, 0.352256 
64, 256, 256, 32, 3, 1, 32, 2, 1, 8, 4, 1, 1, 4, 0.297952 
64, 256, 256, 32, 3, 1, 32, 2, 1, 8, 4, 2, 1, 4, 0.311296 
64, 256, 256, 32, 3, 1, 32, 4, 1, 4, 8, 1, 2, 1, 0.529408 
64, 256, 256, 32, 3, 1, 32, 4, 1, 4, 8, 2, 2, 1, 0.472096 
64, 256, 256, 32, 3, 1, 32, 4, 1, 4, 8, 4, 2, 1, 0.447456 
64, 256, 256, 32, 3, 1, 32, 4, 1, 8, 4, 1, 1, 1, 0.501792 
64, 256, 256, 32, 3, 1, 32, 4, 1, 8, 4, 2, 1, 1, 0.525312 
64, 256, 256, 32, 3, 1, 32, 4, 1, 8, 4, 4, 1, 1, 0.509984 
64, 256, 256, 32, 3, 1, 32, 4, 1, 8, 4, 1, 1, 2, 0.511008 
64, 256, 256, 32, 3, 1, 32, 4, 1, 8, 4, 2, 1, 2, 0.472064 
64, 256, 256, 32, 3, 1, 32, 4, 1, 8, 4, 4, 1, 2, 0.444416 
64, 256, 256, 32, 3, 1, 64, 2, 1, 2, 16, 1, 2, 1, 0.449536 
64, 256, 256, 32, 3, 1, 64, 2, 1, 2, 16, 2, 2, 1, 0.371680 
64, 256, 256, 32, 3, 1, 64, 2, 1, 4, 8, 1, 1, 1, 0.518144 
64, 256, 256, 32, 3, 1, 64, 2, 1, 4, 8, 2, 1, 1, 0.490528 
64, 256, 256, 32, 3, 1, 64, 2, 1, 4, 8, 4, 1, 1, 0.399360 
64, 256, 256, 32, 3, 1, 64, 2, 1, 4, 8, 1, 1, 2, 0.444384 
64, 256, 256, 32, 3, 1, 64, 2, 1, 4, 8, 2, 1, 2, 0.374784 
512, 512, 512, 128, 3, 1, 1, 2, 1, 16, 2, 1, 32, 1, 107.501572 
512, 512, 512, 128, 3, 1, 1, 2, 1, 32, 1, 1, 16, 1, 105.019394 
512, 512, 512, 128, 3, 1, 1, 2, 1, 32, 1, 2, 16, 1, 127.925247 
512, 512, 512, 128, 3, 1, 1, 2, 1, 32, 1, 1, 16, 2, 107.578400 
512, 512, 512, 128, 3, 1, 1, 4, 1, 16, 2, 1, 32, 1, 0.003072 
512, 512, 512, 128, 3, 1, 1, 4, 1, 32, 1, 1, 16, 1, 106.041313 
512, 512, 512, 128, 3, 1, 1, 4, 1, 32, 1, 2, 16, 1, 0.002048 
512, 512, 512, 128, 3, 1, 1, 4, 1, 32, 1, 1, 16, 2, 0.003072 
512, 512, 512, 128, 3, 1, 1, 8, 1, 16, 2, 1, 32, 1, 0.003040 
512, 512, 512, 128, 3, 1, 1, 8, 1, 32, 1, 1, 16, 1, 66.346016 
512, 512, 512, 128, 3, 1, 1, 8, 1, 32, 1, 2, 16, 1, 0.003072 
512, 512, 512, 128, 3, 1, 1, 8, 1, 32, 1, 1, 16, 2, 0.002016 
512, 512, 512, 128, 3, 1, 1, 16, 1, 16, 2, 1, 32, 1, 0.003072 
512, 512, 512, 128, 3, 1, 1, 16, 1, 32, 1, 1, 16, 1, 49.600513 
512, 512, 512, 128, 3, 1, 1, 16, 1, 32, 1, 2, 16, 1, 0.003104 
512, 512, 512, 128, 3, 1, 1, 16, 1, 32, 1, 1, 16, 2, 0.003072 
512, 512, 512, 128, 3, 1, 1, 32, 1, 16, 2, 1, 32, 1, 0.003104 
512, 512, 512, 128, 3, 1, 1, 32, 1, 32, 1, 1, 16, 1, 39.051266 
512, 512, 512, 128, 3, 1, 1, 32, 1, 32, 1, 2, 16, 1, 0.002048 
512, 512, 512, 128, 3, 1, 1, 32, 1, 32, 1, 1, 16, 2, 0.003072 
512, 512, 512, 128, 3, 1, 1, 64, 1, 32, 1, 1, 16, 1, 33.489952 
512, 512, 512, 128, 3, 1, 2, 2, 1, 8, 4, 1, 32, 1, 62.568417 
512, 512, 512, 128, 3, 1, 2, 2, 1, 16, 2, 1, 16, 1, 56.195072 
512, 512, 512, 128, 3, 1, 2, 2, 1, 16, 2, 2, 16, 1, 67.888100 
512, 512, 512, 128, 3, 1, 2, 2, 1, 16, 2, 1, 16, 2, 62.691360 
512, 512, 512, 128, 3, 1, 2, 2, 1, 32, 1, 1, 8, 1, 73.524223 
512, 512, 512, 128, 3, 1, 2, 2, 1, 32, 1, 2, 8, 1, 67.847168 
512, 512, 512, 128, 3, 1, 2, 2, 1, 32, 1, 4, 8, 1, 75.852768 
512, 512, 512, 128, 3, 1, 2, 2, 1, 32, 1, 1, 8, 2, 56.341537 
512, 512, 512, 128, 3, 1, 2, 2, 1, 32, 1, 2, 8, 2, 67.924957 
512, 512, 512, 128, 3, 1, 2, 2, 1, 32, 1, 1, 8, 4, 62.644222 
512, 512, 512, 128, 3, 1, 2, 4, 1, 8, 4, 1, 32, 1, 0.003072 
512, 512, 512, 128, 3, 1, 2, 4, 1, 16, 2, 1, 16, 1, 60.048416 
512, 512, 512, 128, 3, 1, 2, 4, 1, 16, 2, 2, 16, 1, 0.003104 
512, 512, 512, 128, 3, 1, 2, 4, 1, 16, 2, 1, 16, 2, 0.003104 
512, 512, 512, 128, 3, 1, 2, 4, 1, 32, 1, 1, 8, 1, 52.049919 
512, 512, 512, 128, 3, 1, 2, 4, 1, 32, 1, 2, 8, 1, 70.275070 
512, 512, 512, 128, 3, 1, 2, 4, 1, 32, 1, 4, 8, 1, 0.003040 
512, 512, 512, 128, 3, 1, 2, 4, 1, 32, 1, 1, 8, 2, 59.994144 
512, 512, 512, 128, 3, 1, 2, 4, 1, 32, 1, 2, 8, 2, 0.003040 
512, 512, 512, 128, 3, 1, 2, 4, 1, 32, 1, 1, 8, 4, 0.002048 
512, 512, 512, 128, 3, 1, 2, 8, 1, 8, 4, 1, 32, 1, 0.003104 
512, 512, 512, 128, 3, 1, 2, 8, 1, 16, 2, 1, 16, 1, 44.896255 
512, 512, 512, 128, 3, 1, 2, 8, 1, 16, 2, 2, 16, 1, 0.003104 
512, 512, 512, 128, 3, 1, 2, 8, 1, 16, 2, 1, 16, 2, 0.003040 
512, 512, 512, 128, 3, 1, 2, 8, 1, 32, 1, 1, 8, 1, 35.436543 
512, 512, 512, 128, 3, 1, 2, 8, 1, 32, 1, 2, 8, 1, 47.833118 
512, 512, 512, 128, 3, 1, 2, 8, 1, 32, 1, 4, 8, 1, 0.002016 
512, 512, 512, 128, 3, 1, 2, 8, 1, 32, 1, 1, 8, 2, 44.929024 
512, 512, 512, 128, 3, 1, 2, 8, 1, 32, 1, 2, 8, 2, 0.003072 
512, 512, 512, 128, 3, 1, 2, 8, 1, 32, 1, 1, 8, 4, 0.002048 
512, 512, 512, 128, 3, 1, 2, 16, 1, 8, 4, 1, 32, 1, 0.003072 
512, 512, 512, 128, 3, 1, 2, 16, 1, 16, 2, 1, 16, 1, 34.795486 
512, 512, 512, 128, 3, 1, 2, 16, 1, 16, 2, 2, 16, 1, 0.003072 
512, 512, 512, 128, 3, 1, 2, 16, 1, 16, 2, 1, 16, 2, 0.003040 
512, 512, 512, 128, 3, 1, 2, 16, 1, 32, 1, 1, 8, 1, 32.790562 
512, 512, 512, 128, 3, 1, 2, 16, 1, 32, 1, 2, 8, 1, 36.405247 
512, 512, 512, 128, 3, 1, 2, 16, 1, 32, 1, 4, 8, 1, 0.003072 
512, 512, 512, 128, 3, 1, 2, 16, 1, 32, 1, 1, 8, 2, 34.782207 
512, 512, 512, 128, 3, 1, 2, 16, 1, 32, 1, 2, 8, 2, 0.003104 
512, 512, 512, 128, 3, 1, 2, 16, 1, 32, 1, 1, 8, 4, 0.002080 
512, 512, 512, 128, 3, 1, 2, 32, 1, 16, 2, 1, 16, 1, 32.815105 
512, 512, 512, 128, 3, 1, 2, 32, 1, 32, 1, 1, 8, 1, 28.833759 
512, 512, 512, 128, 3, 1, 2, 32, 1, 32, 1, 2, 8, 1, 31.442944 
512, 512, 512, 128, 3, 1, 2, 32, 1, 32, 1, 1, 8, 2, 32.826401 
512, 512, 512, 128, 3, 1, 2, 64, 1, 32, 1, 1, 8, 1, 154.594269 
512, 512, 512, 128, 3, 1, 4, 2, 1, 4, 8, 1, 32, 1, 43.607071 
512, 512, 512, 128, 3, 1, 4, 2, 1, 8, 4, 1, 16, 1, 39.569439 
512, 512, 512, 128, 3, 1, 4, 2, 1, 8, 4, 2, 16, 1, 48.120831 
512, 512, 512, 128, 3, 1, 4, 2, 1, 8, 4, 1, 16, 2, 43.569153 
512, 512, 512, 128, 3, 1, 4, 2, 1, 16, 2, 1, 8, 1, 46.794720 
512, 512, 512, 128, 3, 1, 4, 2, 1, 16, 2, 2, 8, 1, 41.280514 
512, 512, 512, 128, 3, 1, 4, 2, 1, 16, 2, 4, 8, 1, 50.347008 
512, 512, 512, 128, 3, 1, 4, 2, 1, 16, 2, 1, 8, 2, 39.527454 
512, 512, 512, 128, 3, 1, 4, 2, 1, 16, 2, 2, 8, 2, 48.089119 
512, 512, 512, 128, 3, 1, 4, 2, 1, 16, 2, 1, 8, 4, 43.601887 
512, 512, 512, 128, 3, 1, 4, 2, 1, 32, 1, 1, 4, 1, 71.540733 
512, 512, 512, 128, 3, 1, 4, 2, 1, 32, 1, 2, 4, 1, 54.829056 
512, 512, 512, 128, 3, 1, 4, 2, 1, 32, 1, 4, 4, 1, 51.756031 
512, 512, 512, 128, 3, 1, 4, 2, 1, 32, 1, 1, 4, 2, 46.739426 
512, 512, 512, 128, 3, 1, 4, 2, 1, 32, 1, 2, 4, 2, 41.290752 
512, 512, 512, 128, 3, 1, 4, 2, 1, 32, 1, 4, 4, 2, 50.367455 
512, 512, 512, 128, 3, 1, 4, 2, 1, 32, 1, 1, 4, 4, 39.514111 
512, 512, 512, 128, 3, 1, 4, 2, 1, 32, 1, 2, 4, 4, 48.138271 
512, 512, 512, 128, 3, 1, 4, 2, 1, 32, 1, 1, 4, 8, 43.625504 
512, 512, 512, 128, 3, 1, 4, 4, 1, 4, 8, 1, 32, 1, 0.003040 
512, 512, 512, 128, 3, 1, 4, 4, 1, 8, 4, 1, 16, 1, 45.302753 
512, 512, 512, 128, 3, 1, 4, 4, 1, 8, 4, 2, 16, 1, 0.003072 
512, 512, 512, 128, 3, 1, 4, 4, 1, 8, 4, 1, 16, 2, 0.003072 
512, 512, 512, 128, 3, 1, 4, 4, 1, 16, 2, 1, 8, 1, 35.021793 
512, 512, 512, 128, 3, 1, 4, 4, 1, 16, 2, 2, 8, 1, 47.221760 
512, 512, 512, 128, 3, 1, 4, 4, 1, 16, 2, 4, 8, 1, 0.003072 
512, 512, 512, 128, 3, 1, 4, 4, 1, 16, 2, 1, 8, 2, 45.339615 
512, 512, 512, 128, 3, 1, 4, 4, 1, 16, 2, 2, 8, 2, 0.003104 
512, 512, 512, 128, 3, 1, 4, 4, 1, 16, 2, 1, 8, 4, 0.003072 
512, 512, 512, 128, 3, 1, 4, 4, 1, 32, 1, 1, 4, 1, 42.657791 
512, 512, 512, 128, 3, 1, 4, 4, 1, 32, 1, 2, 4, 1, 37.371937 
512, 512, 512, 128, 3, 1, 4, 4, 1, 32, 1, 4, 4, 1, 50.871296 
512, 512, 512, 128, 3, 1, 4, 4, 1, 32, 1, 1, 4, 2, 35.122208 
512, 512, 512, 128, 3, 1, 4, 4, 1, 32, 1, 2, 4, 2, 47.180801 
512, 512, 512, 128, 3, 1, 4, 4, 1, 32, 1, 4, 4, 2, 0.003072 
512, 512, 512, 128, 3, 1, 4, 4, 1, 32, 1, 1, 4, 4, 45.331455 
512, 512, 512, 128, 3, 1, 4, 4, 1, 32, 1, 2, 4, 4, 0.002080 
512, 512, 512, 128, 3, 1, 4, 4, 1, 32, 1, 1, 4, 8, 0.003072 
512, 512, 512, 128, 3, 1, 4, 8, 1, 4, 8, 1, 32, 1, 0.003104 
512, 512, 512, 128, 3, 1, 4, 8, 1, 8, 4, 1, 16, 1, 34.880512 
512, 512, 512, 128, 3, 1, 4, 8, 1, 8, 4, 2, 16, 1, 0.003104 
512, 512, 512, 128, 3, 1, 4, 8, 1, 8, 4, 1, 16, 2, 0.003104 
512, 512, 512, 128, 3, 1, 4, 8, 1, 16, 2, 1, 8, 1, 32.535583 
512, 512, 512, 128, 3, 1, 4, 8, 1, 16, 2, 2, 8, 1, 35.843105 
512, 512, 512, 128, 3, 1, 4, 8, 1, 16, 2, 4, 8, 1, 0.002080 
512, 512, 512, 128, 3, 1, 4, 8, 1, 16, 2, 1, 8, 2, 34.874367 
512, 512, 512, 128, 3, 1, 4, 8, 1, 16, 2, 2, 8, 2, 0.003040 
512, 512, 512, 128, 3, 1, 4, 8, 1, 16, 2, 1, 8, 4, 0.003072 
512, 512, 512, 128, 3, 1, 4, 8, 1, 32, 1, 1, 4, 1, 31.747040 
512, 512, 512, 128, 3, 1, 4, 8, 1, 32, 1, 2, 4, 1, 33.476608 
512, 512, 512, 128, 3, 1, 4, 8, 1, 32, 1, 4, 4, 1, 37.652481 
512, 512, 512, 128, 3, 1, 4, 8, 1, 32, 1, 1, 4, 2, 32.493568 
512, 512, 512, 128, 3, 1, 4, 8, 1, 32, 1, 2, 4, 2, 35.836929 
512, 512, 512, 128, 3, 1, 4, 8, 1, 32, 1, 4, 4, 2, 0.003072 
512, 512, 512, 128, 3, 1, 4, 8, 1, 32, 1, 1, 4, 4, 34.875393 
512, 512, 512, 128, 3, 1, 4, 8, 1, 32, 1, 2, 4, 4, 0.003040 
512, 512, 512, 128, 3, 1, 4, 8, 1, 32, 1, 1, 4, 8, 0.002048 
512, 512, 512, 128, 3, 1, 4, 16, 1, 8, 4, 1, 16, 1, 32.710655 
512, 512, 512, 128, 3, 1, 4, 16, 1, 16, 2, 1, 8, 1, 28.166143 
512, 512, 512, 128, 3, 1, 4, 16, 1, 16, 2, 2, 8, 1, 31.220768 
512, 512, 512, 128, 3, 1, 4, 16, 1, 16, 2, 1, 8, 2, 32.715775 
512, 512, 512, 128, 3, 1, 4, 16, 1, 32, 1, 1, 4, 1, 29.153248 
512, 512, 512, 128, 3, 1, 4, 16, 1, 32, 1, 2, 4, 1, 29.213696 
512, 512, 512, 128, 3, 1, 4, 16, 1, 32, 1, 4, 4, 1, 32.675838 
512, 512, 512, 128, 3, 1, 4, 16, 1, 32, 1, 1, 4, 2, 28.125183 
512, 512, 512, 128, 3, 1, 4, 16, 1, 32, 1, 2, 4, 2, 31.213568 
512, 512, 512, 128, 3, 1, 4, 16, 1, 32, 1, 1, 4, 4, 32.703522 
512, 512, 512, 128, 3, 1, 4, 32, 1, 16, 2, 1, 8, 1, 185.419769 
512, 512, 512, 128, 3, 1, 4, 32, 1, 32, 1, 1, 4, 1, 246.686691 
512, 512, 512, 128, 3, 1, 4, 32, 1, 32, 1, 2, 4, 1, 180.304871 
512, 512, 512, 128, 3, 1, 4, 32, 1, 32, 1, 1, 4, 2, 184.950790 
512, 512, 512, 128, 3, 1, 8, 2, 1, 2, 16, 1, 32, 1, 0.003072 
512, 512, 512, 128, 3, 1, 8, 2, 1, 4, 8, 1, 16, 1, 45.297665 
512, 512, 512, 128, 3, 1, 8, 2, 1, 4, 8, 1, 16, 2, 0.003072 
512, 512, 512, 128, 3, 1, 8, 2, 1, 8, 4, 1, 8, 1, 35.943424 
512, 512, 512, 128, 3, 1, 8, 2, 1, 8, 4, 2, 8, 1, 47.979519 
512, 512, 512, 128, 3, 1, 8, 2, 1, 8, 4, 1, 8, 2, 45.256702 
512, 512, 512, 128, 3, 1, 8, 2, 1, 8, 4, 1, 8, 4, 0.003104 
512, 512, 512, 128, 3, 1, 8, 2, 1, 16, 2, 1, 4, 1, 47.539200 
512, 512, 512, 128, 3, 1, 8, 2, 1, 16, 2, 2, 4, 1, 39.624672 
512, 512, 512, 128, 3, 1, 8, 2, 1, 16, 2, 4, 4, 1, 51.805183 
512, 512, 512, 128, 3, 1, 8, 2, 1, 16, 2, 1, 4, 2, 35.900417 
512, 512, 512, 128, 3, 1, 8, 2, 1, 16, 2, 2, 4, 2, 48.029697 
512, 512, 512, 128, 3, 1, 8, 2, 1, 16, 2, 1, 4, 4, 45.255711 
512, 512, 512, 128, 3, 1, 8, 2, 1, 16, 2, 1, 4, 8, 0.002048 
512, 512, 512, 128, 3, 1, 8, 2, 1, 32, 1, 1, 2, 1, 75.475967 
512, 512, 512, 128, 3, 1, 8, 2, 1, 32, 1, 2, 2, 1, 68.428833 
512, 512, 512, 128, 3, 1, 8, 2, 1, 32, 1, 4, 2, 1, 67.250175 
512, 512, 512, 128, 3, 1, 8, 2, 1, 32, 1, 1, 2, 2, 47.506462 
512, 512, 512, 128, 3, 1, 8, 2, 1, 32, 1, 2, 2, 2, 39.637024 
512, 512, 512, 128, 3, 1, 8, 2, 1, 32, 1, 4, 2, 2, 51.832832 
512, 512, 512, 128, 3, 1, 8, 2, 1, 32, 1, 1, 2, 4, 35.941406 
512, 512, 512, 128, 3, 1, 8, 2, 1, 32, 1, 2, 2, 4, 47.951904 
512, 512, 512, 128, 3, 1, 8, 2, 1, 32, 1, 1, 2, 8, 45.246494 
512, 512, 512, 128, 3, 1, 8, 2, 1, 32, 1, 1, 2, 16, 0.002080 
512, 512, 512, 128, 3, 1, 8, 4, 1, 4, 8, 1, 16, 1, 34.480129 
512, 512, 512, 128, 3, 1, 8, 4, 1, 8, 4, 1, 8, 1, 32.609280 
512, 512, 512, 128, 3, 1, 8, 4, 1, 8, 4, 2, 8, 1, 35.937279 
512, 512, 512, 128, 3, 1, 8, 4, 1, 8, 4, 1, 8, 2, 34.472961 
512, 512, 512, 128, 3, 1, 8, 4, 1, 16, 2, 1, 4, 1, 31.894527 
512, 512, 512, 128, 3, 1, 8, 4, 1, 16, 2, 2, 4, 1, 33.660927 
512, 512, 512, 128, 3, 1, 8, 4, 1, 16, 2, 4, 4, 1, 37.859329 
512, 512, 512, 128, 3, 1, 8, 4, 1, 16, 2, 1, 4, 2, 32.650272 
512, 512, 512, 128, 3, 1, 8, 4, 1, 16, 2, 2, 4, 2, 35.958752 
512, 512, 512, 128, 3, 1, 8, 4, 1, 16, 2, 1, 4, 4, 34.479073 
512, 512, 512, 128, 3, 1, 8, 4, 1, 32, 1, 1, 2, 1, 42.695713 
512, 512, 512, 128, 3, 1, 8, 4, 1, 32, 1, 2, 2, 1, 39.695358 
512, 512, 512, 128, 3, 1, 8, 4, 1, 32, 1, 4, 2, 1, 39.038975 
512, 512, 512, 128, 3, 1, 8, 4, 1, 32, 1, 1, 2, 2, 31.876127 
512, 512, 512, 128, 3, 1, 8, 4, 1, 32, 1, 2, 2, 2, 33.632256 
512, 512, 512, 128, 3, 1, 8, 4, 1, 32, 1, 4, 2, 2, 37.878784 
512, 512, 512, 128, 3, 1, 8, 4, 1, 32, 1, 1, 2, 4, 32.672768 
512, 512, 512, 128, 3, 1, 8, 4, 1, 32, 1, 2, 2, 4, 35.953602 
512, 512, 512, 128, 3, 1, 8, 4, 1, 32, 1, 1, 2, 8, 34.479103 
512, 512, 512, 128, 3, 1, 8, 8, 1, 4, 8, 1, 16, 1, 30.512129 
512, 512, 512, 128, 3, 1, 8, 8, 1, 8, 4, 1, 8, 1, 27.914240 
512, 512, 512, 128, 3, 1, 8, 8, 1, 8, 4, 2, 8, 1, 30.901279 
512, 512, 512, 128, 3, 1, 8, 8, 1, 8, 4, 1, 8, 2, 30.498816 
512, 512, 512, 128, 3, 1, 8, 8, 1, 16, 2, 1, 4, 1, 28.114944 
512, 512, 512, 128, 3, 1, 8, 8, 1, 16, 2, 2, 4, 1, 28.389408 
512, 512, 512, 128, 3, 1, 8, 8, 1, 16, 2, 4, 4, 1, 31.828993 
512, 512, 512, 128, 3, 1, 8, 8, 1, 16, 2, 1, 4, 2, 27.884512 
512, 512, 512, 128, 3, 1, 8, 8, 1, 16, 2, 2, 4, 2, 30.894079 
512, 512, 512, 128, 3, 1, 8, 8, 1, 16, 2, 1, 4, 4, 30.496799 
512, 512, 512, 128, 3, 1, 8, 8, 1, 32, 1, 1, 2, 1, 32.222206 
512, 512, 512, 128, 3, 1, 8, 8, 1, 32, 1, 2, 2, 1, 29.529087 
512, 512, 512, 128, 3, 1, 8, 8, 1, 32, 1, 4, 2, 1, 29.865952 
512, 512, 512, 128, 3, 1, 8, 8, 1, 32, 1, 1, 2, 2, 28.165089 
512, 512, 512, 128, 3, 1, 8, 8, 1, 32, 1, 2, 2, 2, 28.387264 
512, 512, 512, 128, 3, 1, 8, 8, 1, 32, 1, 4, 2, 2, 31.828993 
512, 512, 512, 128, 3, 1, 8, 8, 1, 32, 1, 1, 2, 4, 27.960287 
512, 512, 512, 128, 3, 1, 8, 8, 1, 32, 1, 2, 2, 4, 30.905312 
512, 512, 512, 128, 3, 1, 8, 8, 1, 32, 1, 1, 2, 8, 30.495775 
512, 512, 512, 128, 3, 1, 8, 16, 1, 8, 4, 1, 8, 1, 130.637817 
512, 512, 512, 128, 3, 1, 8, 16, 1, 16, 2, 1, 4, 1, 231.916550 
512, 512, 512, 128, 3, 1, 8, 16, 1, 16, 2, 2, 4, 1, 144.096283 
512, 512, 512, 128, 3, 1, 8, 16, 1, 16, 2, 1, 4, 2, 130.932739 
512, 512, 512, 128, 3, 1, 8, 16, 1, 32, 1, 1, 2, 1, 261.863434 
512, 512, 512, 128, 3, 1, 8, 16, 1, 32, 1, 2, 2, 1, 248.844284 
512, 512, 512, 128, 3, 1, 8, 16, 1, 32, 1, 4, 2, 1, 196.301819 
512, 512, 512, 128, 3, 1, 8, 16, 1, 32, 1, 1, 2, 2, 232.118240 
512, 512, 512, 128, 3, 1, 8, 16, 1, 32, 1, 2, 2, 2, 144.107513 
512, 512, 512, 128, 3, 1, 8, 16, 1, 32, 1, 1, 2, 4, 131.030014 
512, 512, 512, 128, 3, 1, 16, 2, 1, 2, 16, 1, 16, 1, 34.881504 
512, 512, 512, 128, 3, 1, 16, 2, 1, 4, 8, 1, 8, 1, 33.169407 
512, 512, 512, 128, 3, 1, 16, 2, 1, 4, 8, 1, 8, 2, 34.896896 
512, 512, 512, 128, 3, 1, 16, 2, 1, 8, 4, 1, 4, 1, 35.783680 
512, 512, 512, 128, 3, 1, 16, 2, 1, 8, 4, 2, 4, 1, 35.349503 
512, 512, 512, 128, 3, 1, 16, 2, 1, 8, 4, 1, 4, 2, 33.087486 
512, 512, 512, 128, 3, 1, 16, 2, 1, 8, 4, 1, 4, 4, 34.866177 
512, 512, 512, 128, 3, 1, 16, 2, 1, 16, 2, 1, 2, 1, 54.582272 
512, 512, 512, 128, 3, 1, 16, 2, 1, 16, 2, 2, 2, 1, 54.674465 
512, 512, 512, 128, 3, 1, 16, 2, 1, 16, 2, 4, 2, 1, 49.424385 
512, 512, 512, 128, 3, 1, 16, 2, 1, 16, 2, 1, 2, 2, 35.841022 
512, 512, 512, 128, 3, 1, 16, 2, 1, 16, 2, 2, 2, 2, 35.411968 
512, 512, 512, 128, 3, 1, 16, 2, 1, 16, 2, 1, 2, 4, 33.168385 
512, 512, 512, 128, 3, 1, 16, 2, 1, 16, 2, 1, 2, 8, 34.874336 
512, 512, 512, 128, 3, 1, 16, 2, 1, 32, 1, 1, 1, 1, 112.453667 
512, 512, 512, 128, 3, 1, 16, 2, 1, 32, 1, 2, 1, 1, 105.033730 
512, 512, 512, 128, 3, 1, 16, 2, 1, 32, 1, 4, 1, 1, 115.017731 
512, 512, 512, 128, 3, 1, 16, 2, 1, 32, 1, 1, 1, 2, 54.565887 
512, 512, 512, 128, 3, 1, 16, 2, 1, 32, 1, 2, 1, 2, 54.717472 
512, 512, 512, 128, 3, 1, 16, 2, 1, 32, 1, 4, 1, 2, 49.420288 
512, 512, 512, 128, 3, 1, 16, 2, 1, 32, 1, 1, 1, 4, 35.785759 
512, 512, 512, 128, 3, 1, 16, 2, 1, 32, 1, 2, 1, 4, 35.470337 
512, 512, 512, 128, 3, 1, 16, 2, 1, 32, 1, 1, 1, 8, 33.147903 
512, 512, 512, 128, 3, 1, 16, 2, 1, 32, 1, 1, 1, 16, 34.892769 
512, 512, 512, 128, 3, 1, 16, 4, 1, 4, 8, 1, 8, 1, 28.113920 
512, 512, 512, 128, 3, 1, 16, 4, 1, 8, 4, 1, 4, 1, 28.196833 
512, 512, 512, 128, 3, 1, 16, 4, 1, 8, 4, 2, 4, 1, 29.187040 
512, 512, 512, 128, 3, 1, 16, 4, 1, 8, 4, 1, 4, 2, 28.169216 
512, 512, 512, 128, 3, 1, 16, 4, 1, 16, 2, 1, 2, 1, 35.358719 
512, 512, 512, 128, 3, 1, 16, 4, 1, 16, 2, 2, 2, 1, 33.565662 
512, 512, 512, 128, 3, 1, 16, 4, 1, 16, 2, 4, 2, 1, 32.100384 
512, 512, 512, 128, 3, 1, 16, 4, 1, 16, 2, 1, 2, 2, 28.178432 
512, 512, 512, 128, 3, 1, 16, 4, 1, 16, 2, 2, 2, 2, 29.196287 
512, 512, 512, 128, 3, 1, 16, 4, 1, 16, 2, 1, 2, 4, 28.108768 
512, 512, 512, 128, 3, 1, 16, 4, 1, 32, 1, 1, 1, 1, 69.043236 
512, 512, 512, 128, 3, 1, 16, 4, 1, 32, 1, 2, 1, 1, 52.803585 
512, 512, 512, 128, 3, 1, 16, 4, 1, 32, 1, 4, 1, 1, 56.787937 
512, 512, 512, 128, 3, 1, 16, 4, 1, 32, 1, 1, 1, 2, 35.417088 
512, 512, 512, 128, 3, 1, 16, 4, 1, 32, 1, 2, 1, 2, 33.545185 
512, 512, 512, 128, 3, 1, 16, 4, 1, 32, 1, 4, 1, 2, 32.085983 
512, 512, 512, 128, 3, 1, 16, 4, 1, 32, 1, 1, 1, 4, 28.211201 
512, 512, 512, 128, 3, 1, 16, 4, 1, 32, 1, 2, 1, 4, 29.189089 
512, 512, 512, 128, 3, 1, 16, 4, 1, 32, 1, 1, 1, 8, 28.157951 
512, 512, 512, 128, 3, 1, 16, 8, 1, 4, 8, 1, 8, 1, 115.328003 
512, 512, 512, 128, 3, 1, 16, 8, 1, 8, 4, 1, 4, 1, 173.211655 
512, 512, 512, 128, 3, 1, 16, 8, 1, 8, 4, 2, 4, 1, 113.836067 
512, 512, 512, 128, 3, 1, 16, 8, 1, 8, 4, 1, 4, 2, 115.382271 
512, 512, 512, 128, 3, 1, 16, 8, 1, 16, 2, 1, 2, 1, 171.333633 
512, 512, 512, 128, 3, 1, 16, 8, 1, 16, 2, 2, 2, 1, 187.832321 
512, 512, 512, 128, 3, 1, 16, 8, 1, 16, 2, 4, 2, 1, 117.565437 
512, 512, 512, 128, 3, 1, 16, 8, 1, 16, 2, 1, 2, 2, 172.784607 
512, 512, 512, 128, 3, 1, 16, 8, 1, 16, 2, 2, 2, 2, 113.757187 
512, 512, 512, 128, 3, 1, 16, 8, 1, 16, 2, 1, 2, 4, 115.799042 
512, 512, 512, 128, 3, 1, 16, 8, 1, 32, 1, 1, 1, 1, 156.475388 
512, 512, 512, 128, 3, 1, 16, 8, 1, 32, 1, 2, 1, 1, 143.801346 
512, 512, 512, 128, 3, 1, 16, 8, 1, 32, 1, 4, 1, 1, 143.868958 
512, 512, 512, 128, 3, 1, 16, 8, 1, 32, 1, 1, 1, 2, 171.748352 
512, 512, 512, 128, 3, 1, 16, 8, 1, 32, 1, 2, 1, 2, 187.831299 
512, 512, 512, 128, 3, 1, 16, 8, 1, 32, 1, 4, 1, 2, 117.156860 
512, 512, 512, 128, 3, 1, 16, 8, 1, 32, 1, 1, 1, 4, 172.652542 
512, 512, 512, 128, 3, 1, 16, 8, 1, 32, 1, 2, 1, 4, 113.815521 
512, 512, 512, 128, 3, 1, 16, 8, 1, 32, 1, 1, 1, 8, 115.440674 
512, 512, 512, 128, 3, 1, 32, 2, 1, 2, 16, 1, 8, 1, 29.056032 
512, 512, 512, 128, 3, 1, 32, 2, 1, 4, 8, 1, 4, 1, 32.186401 
512, 512, 512, 128, 3, 1, 32, 2, 1, 4, 8, 1, 4, 2, 29.011969 
512, 512, 512, 128, 3, 1, 32, 2, 1, 8, 4, 1, 2, 1, 49.929184 
512, 512, 512, 128, 3, 1, 32, 2, 1, 8, 4, 2, 2, 1, 56.052704 
512, 512, 512, 128, 3, 1, 32, 2, 1, 8, 4, 1, 2, 2, 32.106464 
512, 512, 512, 128, 3, 1, 32, 2, 1, 8, 4, 1, 2, 4, 29.078497 
512, 512, 512, 128, 3, 1, 32, 2, 1, 16, 2, 1, 1, 1, 94.393341 
512, 512, 512, 128, 3, 1, 32, 2, 1, 16, 2, 2, 1, 1, 81.117149 
512, 512, 512, 128, 3, 1, 32, 2, 1, 16, 2, 4, 1, 1, 90.287132 
512, 512, 512, 128, 3, 1, 32, 2, 1, 16, 2, 1, 1, 2, 49.688576 
512, 512, 512, 128, 3, 1, 32, 2, 1, 16, 2, 2, 1, 2, 56.079327 
512, 512, 512, 128, 3, 1, 32, 2, 1, 16, 2, 1, 1, 4, 32.144417 
512, 512, 512, 128, 3, 1, 32, 2, 1, 16, 2, 1, 1, 8, 29.048832 
512, 512, 512, 128, 3, 1, 32, 4, 1, 4, 8, 1, 4, 1, 39.473183 
512, 512, 512, 128, 3, 1, 32, 4, 1, 8, 4, 1, 2, 1, 47.970303 
512, 512, 512, 128, 3, 1, 32, 4, 1, 8, 4, 2, 2, 1, 42.034145 
512, 512, 512, 128, 3, 1, 32, 4, 1, 8, 4, 1, 2, 2, 39.528446 
512, 512, 512, 128, 3, 1, 32, 4, 1, 16, 2, 1, 1, 1, 77.039619 
512, 512, 512, 128, 3, 1, 32, 4, 1, 16, 2, 2, 1, 1, 65.587234 
512, 512, 512, 128, 3, 1, 32, 4, 1, 16, 2, 4, 1, 1, 53.698559 
512, 512, 512, 128, 3, 1, 32, 4, 1, 16, 2, 1, 1, 2, 47.602657 
512, 512, 512, 128, 3, 1, 32, 4, 1, 16, 2, 2, 1, 2, 42.018818 
512, 512, 512, 128, 3, 1, 32, 4, 1, 16, 2, 1, 1, 4, 39.416862 
512, 512, 512, 128, 3, 1, 64, 2, 1, 2, 16, 1, 4, 1, 32.072735 
512, 512, 512, 128, 3, 1, 64, 2, 1, 4, 8, 1, 2, 1, 52.242462 
512, 512, 512, 128, 3, 1, 64, 2, 1, 4, 8, 1, 2, 2, 32.005119 
512, 512, 512, 128, 3, 1, 64, 2, 1, 8, 4, 1, 1, 1, 68.994080 
512, 512, 512, 128, 3, 1, 64, 2, 1, 8, 4, 2, 1, 1, 63.618050 
512, 512, 512, 128, 3, 1, 64, 2, 1, 8, 4, 1, 1, 2, 52.545536 
512, 512, 512, 128, 3, 1, 64, 2, 1, 8, 4, 1, 1, 4, 32.071648 
64, 480, 480, 256, 3, 1, 1, 2, 1, 16, 2, 1, 30, 1, 28.840927 
64, 480, 480, 256, 3, 1, 1, 2, 1, 32, 1, 1, 15, 1, 27.444223 
64, 480, 480, 256, 3, 1, 1, 2, 1, 32, 1, 2, 15, 1, 29.416416 
64, 480, 480, 256, 3, 1, 1, 2, 1, 32, 1, 1, 15, 2, 28.860416 
64, 480, 480, 256, 3, 1, 1, 4, 1, 16, 2, 1, 30, 1, 0.002048 
64, 480, 480, 256, 3, 1, 1, 4, 1, 32, 1, 1, 15, 1, 27.699167 
64, 480, 480, 256, 3, 1, 1, 4, 1, 32, 1, 2, 15, 1, 0.002080 
64, 480, 480, 256, 3, 1, 1, 4, 1, 32, 1, 1, 15, 2, 0.002016 
64, 480, 480, 256, 3, 1, 1, 8, 1, 16, 2, 1, 30, 1, 0.002048 
64, 480, 480, 256, 3, 1, 1, 8, 1, 32, 1, 1, 15, 1, 18.095072 
64, 480, 480, 256, 3, 1, 1, 8, 1, 32, 1, 2, 15, 1, 0.002048 
64, 480, 480, 256, 3, 1, 1, 8, 1, 32, 1, 1, 15, 2, 0.002080 
64, 480, 480, 256, 3, 1, 1, 16, 1, 16, 2, 1, 30, 1, 0.002080 
64, 480, 480, 256, 3, 1, 1, 16, 1, 32, 1, 1, 15, 1, 11.744256 
64, 480, 480, 256, 3, 1, 1, 16, 1, 32, 1, 2, 15, 1, 0.002080 
64, 480, 480, 256, 3, 1, 1, 16, 1, 32, 1, 1, 15, 2, 0.003104 
64, 480, 480, 256, 3, 1, 1, 32, 1, 32, 1, 1, 15, 1, 8.870912 
64, 480, 480, 256, 3, 1, 1, 32, 1, 32, 1, 2, 15, 1, 0.002080 
64, 480, 480, 256, 3, 1, 2, 2, 1, 8, 4, 1, 30, 1, 16.889824 
64, 480, 480, 256, 3, 1, 2, 2, 1, 16, 2, 1, 15, 1, 16.528353 
64, 480, 480, 256, 3, 1, 2, 2, 1, 16, 2, 2, 15, 1, 17.739777 
64, 480, 480, 256, 3, 1, 2, 2, 1, 16, 2, 1, 15, 2, 16.886816 
64, 480, 480, 256, 3, 1, 2, 4, 1, 8, 4, 1, 30, 1, 0.003104 
64, 480, 480, 256, 3, 1, 2, 4, 1, 16, 2, 1, 15, 1, 16.851969 
64, 480, 480, 256, 3, 1, 2, 4, 1, 16, 2, 2, 15, 1, 0.002048 
64, 480, 480, 256, 3, 1, 2, 4, 1, 16, 2, 1, 15, 2, 0.002048 
64, 480, 480, 256, 3, 1, 2, 8, 1, 8, 4, 1, 30, 1, 0.002048 
64, 480, 480, 256, 3, 1, 2, 8, 1, 16, 2, 1, 15, 1, 10.731552 
64, 480, 480, 256, 3, 1, 2, 8, 1, 16, 2, 2, 15, 1, 0.002048 
64, 480, 480, 256, 3, 1, 2, 8, 1, 16, 2, 1, 15, 2, 0.002016 
64, 480, 480, 256, 3, 1, 2, 16, 1, 16, 2, 1, 15, 1, 7.969792 
64, 480, 480, 256, 3, 1, 2, 16, 1, 16, 2, 2, 15, 1, 0.002080 
64, 480, 480, 256, 3, 1, 3, 2, 1, 8, 4, 1, 20, 1, 17.452032 
64, 480, 480, 256, 3, 1, 3, 2, 1, 16, 2, 1, 10, 1, 12.234752 
64, 480, 480, 256, 3, 1, 3, 2, 1, 16, 2, 2, 10, 1, 17.356768 
64, 480, 480, 256, 3, 1, 3, 2, 1, 16, 2, 3, 10, 1, 13.902816 
64, 480, 480, 256, 3, 1, 3, 2, 1, 16, 2, 1, 10, 2, 17.444864 
64, 480, 480, 256, 3, 1, 3, 2, 1, 32, 1, 1, 5, 1, 15.246304 
64, 480, 480, 256, 3, 1, 3, 2, 1, 32, 1, 2, 5, 1, 12.721184 
64, 480, 480, 256, 3, 1, 3, 2, 1, 32, 1, 3, 5, 1, 13.062144 
64, 480, 480, 256, 3, 1, 3, 2, 1, 32, 1, 4, 5, 1, 19.230721 
64, 480, 480, 256, 3, 1, 3, 2, 1, 32, 1, 5, 5, 1, 17.549313 
64, 480, 480, 256, 3, 1, 3, 2, 1, 32, 1, 6, 5, 1, 15.526912 
64, 480, 480, 256, 3, 1, 3, 2, 1, 32, 1, 1, 5, 2, 12.242944 
64, 480, 480, 256, 3, 1, 3, 2, 1, 32, 1, 2, 5, 2, 17.346527 
64, 480, 480, 256, 3, 1, 3, 2, 1, 32, 1, 3, 5, 2, 13.913056 
64, 480, 480, 256, 3, 1, 3, 2, 1, 32, 1, 1, 5, 4, 17.452032 
64, 480, 480, 256, 3, 1, 3, 4, 1, 8, 4, 1, 20, 1, 10.752032 
64, 480, 480, 256, 3, 1, 3, 4, 1, 16, 2, 1, 10, 1, 8.185856 
64, 480, 480, 256, 3, 1, 3, 4, 1, 16, 2, 2, 10, 1, 10.642432 
64, 480, 480, 256, 3, 1, 3, 4, 1, 16, 2, 3, 10, 1, 9.741280 
64, 480, 480, 256, 3, 1, 3, 4, 1, 16, 2, 1, 10, 2, 10.758176 
64, 480, 480, 256, 3, 1, 3, 4, 1, 32, 1, 1, 5, 1, 9.415680 
64, 480, 480, 256, 3, 1, 3, 4, 1, 32, 1, 2, 5, 1, 8.355872 
64, 480, 480, 256, 3, 1, 3, 4, 1, 32, 1, 3, 5, 1, 8.232960 
64, 480, 480, 256, 3, 1, 3, 4, 1, 32, 1, 4, 5, 1, 11.540512 
64, 480, 480, 256, 3, 1, 3, 4, 1, 32, 1, 5, 5, 1, 11.530240 
64, 480, 480, 256, 3, 1, 3, 4, 1, 32, 1, 6, 5, 1, 10.446880 
64, 480, 480, 256, 3, 1, 3, 4, 1, 32, 1, 1, 5, 2, 8.179712 
64, 480, 480, 256, 3, 1, 3, 4, 1, 32, 1, 2, 5, 2, 10.648576 
64, 480, 480, 256, 3, 1, 3, 4, 1, 32, 1, 3, 5, 2, 9.731040 
64, 480, 480, 256, 3, 1, 3, 4, 1, 32, 1, 1, 5, 4, 10.736672 
64, 480, 480, 256, 3, 1, 3, 8, 1, 8, 4, 1, 20, 1, 8.053760 
64, 480, 480, 256, 3, 1, 3, 8, 1, 16, 2, 1, 10, 1, 7.643136 
64, 480, 480, 256, 3, 1, 3, 8, 1, 16, 2, 2, 10, 1, 7.778304 
64, 480, 480, 256, 3, 1, 3, 8, 1, 16, 2, 3, 10, 1, 0.002048 
64, 480, 480, 256, 3, 1, 3, 8, 1, 16, 2, 1, 10, 2, 8.065024 
64, 480, 480, 256, 3, 1, 3, 8, 1, 32, 1, 1, 5, 1, 7.892000 
64, 480, 480, 256, 3, 1, 3, 8, 1, 32, 1, 2, 5, 1, 7.663648 
64, 480, 480, 256, 3, 1, 3, 8, 1, 32, 1, 3, 5, 1, 9.346016 
64, 480, 480, 256, 3, 1, 3, 8, 1, 32, 1, 4, 5, 1, 8.223712 
64, 480, 480, 256, 3, 1, 3, 8, 1, 32, 1, 5, 5, 1, 0.002048 
64, 480, 480, 256, 3, 1, 3, 8, 1, 32, 1, 6, 5, 1, 0.003104 
64, 480, 480, 256, 3, 1, 3, 8, 1, 32, 1, 1, 5, 2, 7.730208 
64, 480, 480, 256, 3, 1, 3, 8, 1, 32, 1, 2, 5, 2, 7.780352 
64, 480, 480, 256, 3, 1, 3, 8, 1, 32, 1, 3, 5, 2, 0.003104 
64, 480, 480, 256, 3, 1, 3, 8, 1, 32, 1, 1, 5, 4, 8.057856 
64, 480, 480, 256, 3, 1, 3, 16, 1, 16, 2, 1, 10, 1, 9.713664 
64, 480, 480, 256, 3, 1, 3, 16, 1, 16, 2, 2, 10, 1, 0.003072 
64, 480, 480, 256, 3, 1, 3, 16, 1, 16, 2, 3, 10, 1, 0.002048 
64, 480, 480, 256, 3, 1, 3, 16, 1, 32, 1, 1, 5, 1, 7.827456 
64, 480, 480, 256, 3, 1, 3, 16, 1, 32, 1, 2, 5, 1, 10.087424 
64, 480, 480, 256, 3, 1, 3, 16, 1, 32, 1, 3, 5, 1, 7.511040 
64, 480, 480, 256, 3, 1, 3, 16, 1, 32, 1, 4, 5, 1, 0.002048 
64, 480, 480, 256, 3, 1, 3, 16, 1, 32, 1, 5, 5, 1, 0.003072 
64, 480, 480, 256, 3, 1, 3, 16, 1, 32, 1, 6, 5, 1, 0.003072 
64, 480, 480, 256, 3, 1, 3, 16, 1, 32, 1, 1, 5, 2, 9.705472 
64, 480, 480, 256, 3, 1, 3, 16, 1, 32, 1, 2, 5, 2, 0.003072 
64, 480, 480, 256, 3, 1, 3, 16, 1, 32, 1, 3, 5, 2, 0.002048 
64, 480, 480, 256, 3, 1, 3, 32, 1, 32, 1, 1, 5, 1, 7.722976 
64, 480, 480, 256, 3, 1, 3, 32, 1, 32, 1, 2, 5, 1, 8.651744 
64, 480, 480, 256, 3, 1, 3, 32, 1, 32, 1, 3, 5, 1, 6.886368 
64, 480, 480, 256, 3, 1, 4, 2, 1, 4, 8, 1, 30, 1, 9.906208 
64, 480, 480, 256, 3, 1, 4, 2, 1, 8, 4, 1, 15, 1, 9.288736 
64, 480, 480, 256, 3, 1, 4, 2, 1, 8, 4, 2, 15, 1, 11.532288 
64, 480, 480, 256, 3, 1, 4, 2, 1, 8, 4, 1, 15, 2, 9.900000 
64, 480, 480, 256, 3, 1, 4, 4, 1, 4, 8, 1, 30, 1, 0.002080 
64, 480, 480, 256, 3, 1, 4, 4, 1, 8, 4, 1, 15, 1, 10.788864 
64, 480, 480, 256, 3, 1, 4, 4, 1, 8, 4, 2, 15, 1, 0.002048 
64, 480, 480, 256, 3, 1, 4, 4, 1, 8, 4, 1, 15, 2, 0.003104 
64, 480, 480, 256, 3, 1, 4, 8, 1, 8, 4, 1, 15, 1, 7.986208 
64, 480, 480, 256, 3, 1, 4, 8, 1, 8, 4, 2, 15, 1, 0.002080 
64, 480, 480, 256, 3, 1, 5, 2, 1, 4, 8, 1, 24, 1, 10.841056 
64, 480, 480, 256, 3, 1, 5, 2, 1, 8, 4, 1, 12, 1, 10.137600 
64, 480, 480, 256, 3, 1, 5, 2, 1, 8, 4, 2, 12, 1, 10.946560 
64, 480, 480, 256, 3, 1, 5, 2, 1, 8, 4, 1, 12, 2, 10.844160 
64, 480, 480, 256, 3, 1, 5, 2, 1, 16, 2, 1, 6, 1, 9.996288 
64, 480, 480, 256, 3, 1, 5, 2, 1, 16, 2, 2, 6, 1, 9.895904 
64, 480, 480, 256, 3, 1, 5, 2, 1, 16, 2, 3, 6, 1, 14.197760 
64, 480, 480, 256, 3, 1, 5, 2, 1, 16, 2, 4, 6, 1, 11.065344 
64, 480, 480, 256, 3, 1, 5, 2, 1, 16, 2, 5, 6, 1, 10.998784 
64, 480, 480, 256, 3, 1, 5, 2, 1, 16, 2, 1, 6, 2, 10.116064 
64, 480, 480, 256, 3, 1, 5, 2, 1, 16, 2, 2, 6, 2, 10.938368 
64, 480, 480, 256, 3, 1, 5, 2, 1, 16, 2, 1, 6, 4, 10.839040 
64, 480, 480, 256, 3, 1, 5, 2, 1, 32, 1, 1, 3, 1, 17.365952 
64, 480, 480, 256, 3, 1, 5, 2, 1, 32, 1, 2, 3, 1, 10.942464 
64, 480, 480, 256, 3, 1, 5, 2, 1, 32, 1, 3, 3, 1, 10.651648 
64, 480, 480, 256, 3, 1, 5, 2, 1, 32, 1, 4, 3, 1, 10.739680 
64, 480, 480, 256, 3, 1, 5, 2, 1, 32, 1, 5, 3, 1, 9.771008 
64, 480, 480, 256, 3, 1, 5, 2, 1, 32, 1, 6, 3, 1, 15.766496 
64, 480, 480, 256, 3, 1, 5, 2, 1, 32, 1, 1, 3, 2, 10.086400 
64, 480, 480, 256, 3, 1, 5, 2, 1, 32, 1, 2, 3, 2, 9.923584 
64, 480, 480, 256, 3, 1, 5, 2, 1, 32, 1, 3, 3, 2, 14.187520 
64, 480, 480, 256, 3, 1, 5, 2, 1, 32, 1, 4, 3, 2, 11.079680 
64, 480, 480, 256, 3, 1, 5, 2, 1, 32, 1, 5, 3, 2, 10.979328 
64, 480, 480, 256, 3, 1, 5, 2, 1, 32, 1, 1, 3, 4, 10.137568 
64, 480, 480, 256, 3, 1, 5, 2, 1, 32, 1, 2, 3, 4, 10.949632 
64, 480, 480, 256, 3, 1, 5, 2, 1, 32, 1, 1, 3, 8, 10.838048 
64, 480, 480, 256, 3, 1, 5, 4, 1, 4, 8, 1, 24, 1, 8.082432 
64, 480, 480, 256, 3, 1, 5, 4, 1, 8, 4, 1, 12, 1, 7.241760 
64, 480, 480, 256, 3, 1, 5, 4, 1, 8, 4, 2, 12, 1, 8.058912 
64, 480, 480, 256, 3, 1, 5, 4, 1, 8, 4, 1, 12, 2, 8.102912 
64, 480, 480, 256, 3, 1, 5, 4, 1, 16, 2, 1, 6, 1, 7.919616 
64, 480, 480, 256, 3, 1, 5, 4, 1, 16, 2, 2, 6, 1, 7.234560 
64, 480, 480, 256, 3, 1, 5, 4, 1, 16, 2, 3, 6, 1, 9.538560 
64, 480, 480, 256, 3, 1, 5, 4, 1, 16, 2, 4, 6, 1, 8.177664 
64, 480, 480, 256, 3, 1, 5, 4, 1, 16, 2, 5, 6, 1, 0.002016 
64, 480, 480, 256, 3, 1, 5, 4, 1, 16, 2, 1, 6, 2, 7.236608 
64, 480, 480, 256, 3, 1, 5, 4, 1, 16, 2, 2, 6, 2, 8.062976 
64, 480, 480, 256, 3, 1, 5, 4, 1, 16, 2, 1, 6, 4, 8.090592 
64, 480, 480, 256, 3, 1, 5, 4, 1, 32, 1, 1, 3, 1, 9.569312 
64, 480, 480, 256, 3, 1, 5, 4, 1, 32, 1, 2, 3, 1, 7.668736 
64, 480, 480, 256, 3, 1, 5, 4, 1, 32, 1, 3, 3, 1, 7.976992 
64, 480, 480, 256, 3, 1, 5, 4, 1, 32, 1, 4, 3, 1, 7.640064 
64, 480, 480, 256, 3, 1, 5, 4, 1, 32, 1, 5, 3, 1, 11.235328 
64, 480, 480, 256, 3, 1, 5, 4, 1, 32, 1, 6, 3, 1, 10.169344 
64, 480, 480, 256, 3, 1, 5, 4, 1, 32, 1, 1, 3, 2, 7.660576 
64, 480, 480, 256, 3, 1, 5, 4, 1, 32, 1, 2, 3, 2, 7.236576 
64, 480, 480, 256, 3, 1, 5, 4, 1, 32, 1, 3, 3, 2, 9.537568 
64, 480, 480, 256, 3, 1, 5, 4, 1, 32, 1, 4, 3, 2, 8.178688 
64, 480, 480, 256, 3, 1, 5, 4, 1, 32, 1, 5, 3, 2, 0.002080 
64, 480, 480, 256, 3, 1, 5, 4, 1, 32, 1, 1, 3, 4, 7.247904 
64, 480, 480, 256, 3, 1, 5, 4, 1, 32, 1, 2, 3, 4, 8.054784 
64, 480, 480, 256, 3, 1, 5, 4, 1, 32, 1, 1, 3, 8, 8.079328 
64, 480, 480, 256, 3, 1, 5, 8, 1, 8, 4, 1, 12, 1, 8.775648 
64, 480, 480, 256, 3, 1, 5, 8, 1, 8, 4, 2, 12, 1, 0.002048 
64, 480, 480, 256, 3, 1, 5, 8, 1, 16, 2, 1, 6, 1, 7.167968 
64, 480, 480, 256, 3, 1, 5, 8, 1, 16, 2, 2, 6, 1, 8.702944 
64, 480, 480, 256, 3, 1, 5, 8, 1, 16, 2, 3, 6, 1, 7.818272 
64, 480, 480, 256, 3, 1, 5, 8, 1, 16, 2, 4, 6, 1, 0.002048 
64, 480, 480, 256, 3, 1, 5, 8, 1, 16, 2, 5, 6, 1, 0.002048 
64, 480, 480, 256, 3, 1, 5, 8, 1, 16, 2, 1, 6, 2, 8.780832 
64, 480, 480, 256, 3, 1, 5, 8, 1, 16, 2, 2, 6, 2, 0.002048 
64, 480, 480, 256, 3, 1, 5, 8, 1, 32, 1, 1, 3, 1, 8.006688 
64, 480, 480, 256, 3, 1, 5, 8, 1, 32, 1, 2, 3, 1, 7.208960 
64, 480, 480, 256, 3, 1, 5, 8, 1, 32, 1, 3, 3, 1, 7.665632 
64, 480, 480, 256, 3, 1, 5, 8, 1, 32, 1, 4, 3, 1, 9.104416 
64, 480, 480, 256, 3, 1, 5, 8, 1, 32, 1, 5, 3, 1, 8.418272 
64, 480, 480, 256, 3, 1, 5, 8, 1, 32, 1, 6, 3, 1, 8.072192 
64, 480, 480, 256, 3, 1, 5, 8, 1, 32, 1, 1, 3, 2, 7.112704 
64, 480, 480, 256, 3, 1, 5, 8, 1, 32, 1, 2, 3, 2, 8.706080 
64, 480, 480, 256, 3, 1, 5, 8, 1, 32, 1, 3, 3, 2, 7.813088 
64, 480, 480, 256, 3, 1, 5, 8, 1, 32, 1, 4, 3, 2, 0.002080 
64, 480, 480, 256, 3, 1, 5, 8, 1, 32, 1, 5, 3, 2, 0.002016 
64, 480, 480, 256, 3, 1, 5, 8, 1, 32, 1, 1, 3, 4, 8.779776 
64, 480, 480, 256, 3, 1, 5, 8, 1, 32, 1, 2, 3, 4, 0.002080 
64, 480, 480, 256, 3, 1, 5, 16, 1, 16, 2, 1, 6, 1, 7.046112 
64, 480, 480, 256, 3, 1, 5, 16, 1, 16, 2, 2, 6, 1, 7.153664 
64, 480, 480, 256, 3, 1, 5, 16, 1, 16, 2, 3, 6, 1, 0.003040 
64, 480, 480, 256, 3, 1, 5, 16, 1, 32, 1, 1, 3, 1, 7.592992 
64, 480, 480, 256, 3, 1, 5, 16, 1, 32, 1, 2, 3, 1, 7.187456 
64, 480, 480, 256, 3, 1, 5, 16, 1, 32, 1, 3, 3, 1, 10.413056 
64, 480, 480, 256, 3, 1, 5, 16, 1, 32, 1, 4, 3, 1, 7.303136 
64, 480, 480, 256, 3, 1, 5, 16, 1, 32, 1, 5, 3, 1, 7.261216 
64, 480, 480, 256, 3, 1, 5, 16, 1, 32, 1, 6, 3, 1, 0.003072 
64, 480, 480, 256, 3, 1, 5, 16, 1, 32, 1, 1, 3, 2, 7.053312 
64, 480, 480, 256, 3, 1, 5, 16, 1, 32, 1, 2, 3, 2, 7.152608 
64, 480, 480, 256, 3, 1, 5, 16, 1, 32, 1, 3, 3, 2, 0.002048 
64, 480, 480, 256, 3, 1, 5, 32, 1, 32, 1, 1, 3, 1, 28.268543 
64, 480, 480, 256, 3, 1, 5, 32, 1, 32, 1, 2, 3, 1, 28.844065 
64, 480, 480, 256, 3, 1, 5, 32, 1, 32, 1, 3, 3, 1, 1.422336 
64, 480, 480, 256, 3, 1, 5, 32, 1, 32, 1, 4, 3, 1, 1.429504 
64, 480, 480, 256, 3, 1, 6, 2, 1, 4, 8, 1, 20, 1, 10.248192 
64, 480, 480, 256, 3, 1, 6, 2, 1, 8, 4, 1, 10, 1, 8.202272 
64, 480, 480, 256, 3, 1, 6, 2, 1, 8, 4, 2, 10, 1, 10.432480 
64, 480, 480, 256, 3, 1, 6, 2, 1, 8, 4, 3, 10, 1, 9.625632 
64, 480, 480, 256, 3, 1, 6, 2, 1, 8, 4, 1, 10, 2, 10.255328 
64, 480, 480, 256, 3, 1, 6, 2, 1, 16, 2, 1, 5, 1, 9.178112 
64, 480, 480, 256, 3, 1, 6, 2, 1, 16, 2, 2, 5, 1, 8.256512 
64, 480, 480, 256, 3, 1, 6, 2, 1, 16, 2, 3, 5, 1, 8.124448 
64, 480, 480, 256, 3, 1, 6, 2, 1, 16, 2, 4, 5, 1, 11.281376 
64, 480, 480, 256, 3, 1, 6, 2, 1, 16, 2, 5, 5, 1, 11.121664 
64, 480, 480, 256, 3, 1, 6, 2, 1, 16, 2, 1, 5, 2, 8.201216 
64, 480, 480, 256, 3, 1, 6, 2, 1, 16, 2, 2, 5, 2, 10.441696 
64, 480, 480, 256, 3, 1, 6, 2, 1, 16, 2, 3, 5, 2, 9.619456 
64, 480, 480, 256, 3, 1, 6, 2, 1, 16, 2, 1, 5, 4, 10.244096 
64, 480, 480, 256, 3, 1, 6, 4, 1, 4, 8, 1, 20, 1, 7.682048 
64, 480, 480, 256, 3, 1, 6, 4, 1, 8, 4, 1, 10, 1, 7.622688 
64, 480, 480, 256, 3, 1, 6, 4, 1, 8, 4, 2, 10, 1, 7.735296 
64, 480, 480, 256, 3, 1, 6, 4, 1, 8, 4, 3, 10, 1, 0.003040 
64, 480, 480, 256, 3, 1, 6, 4, 1, 8, 4, 1, 10, 2, 7.682048 
64, 480, 480, 256, 3, 1, 6, 4, 1, 16, 2, 1, 5, 1, 7.855072 
64, 480, 480, 256, 3, 1, 6, 4, 1, 16, 2, 2, 5, 1, 7.641120 
64, 480, 480, 256, 3, 1, 6, 4, 1, 16, 2, 3, 5, 1, 9.226240 
64, 480, 480, 256, 3, 1, 6, 4, 1, 16, 2, 4, 5, 1, 8.102912 
64, 480, 480, 256, 3, 1, 6, 4, 1, 16, 2, 5, 5, 1, 0.003072 
64, 480, 480, 256, 3, 1, 6, 4, 1, 16, 2, 1, 5, 2, 7.586848 
64, 480, 480, 256, 3, 1, 6, 4, 1, 16, 2, 2, 5, 2, 7.739392 
64, 480, 480, 256, 3, 1, 6, 4, 1, 16, 2, 3, 5, 2, 0.003104 
64, 480, 480, 256, 3, 1, 6, 4, 1, 16, 2, 1, 5, 4, 7.680000 
64, 480, 480, 256, 3, 1, 6, 8, 1, 8, 4, 1, 10, 1, 9.769952 
64, 480, 480, 256, 3, 1, 6, 8, 1, 8, 4, 2, 10, 1, 0.002016 
64, 480, 480, 256, 3, 1, 6, 8, 1, 8, 4, 3, 10, 1, 0.002048 
64, 480, 480, 256, 3, 1, 6, 8, 1, 16, 2, 1, 5, 1, 7.795680 
64, 480, 480, 256, 3, 1, 6, 8, 1, 16, 2, 2, 5, 1, 9.967616 
64, 480, 480, 256, 3, 1, 6, 8, 1, 16, 2, 3, 5, 1, 7.450656 
64, 480, 480, 256, 3, 1, 6, 8, 1, 16, 2, 4, 5, 1, 0.003072 
64, 480, 480, 256, 3, 1, 6, 8, 1, 16, 2, 5, 5, 1, 0.002048 
64, 480, 480, 256, 3, 1, 6, 8, 1, 16, 2, 1, 5, 2, 9.773056 
64, 480, 480, 256, 3, 1, 6, 8, 1, 16, 2, 2, 5, 2, 0.002080 
64, 480, 480, 256, 3, 1, 6, 8, 1, 16, 2, 3, 5, 2, 0.003040 
64, 480, 480, 256, 3, 1, 6, 16, 1, 16, 2, 1, 5, 1, 7.496672 
64, 480, 480, 256, 3, 1, 6, 16, 1, 16, 2, 2, 5, 1, 8.592384 
64, 480, 480, 256, 3, 1, 6, 16, 1, 16, 2, 3, 5, 1, 6.898688 
64, 480, 480, 256, 3, 1, 8, 2, 1, 2, 16, 1, 30, 1, 0.002048 
64, 480, 480, 256, 3, 1, 8, 2, 1, 4, 8, 1, 15, 1, 10.821600 
64, 480, 480, 256, 3, 1, 8, 2, 1, 4, 8, 2, 15, 1, 0.002080 
64, 480, 480, 256, 3, 1, 8, 2, 1, 4, 8, 1, 15, 2, 0.002080 
64, 480, 480, 256, 3, 1, 8, 4, 1, 4, 8, 1, 15, 1, 7.885856 
64, 480, 480, 256, 3, 1, 8, 4, 1, 4, 8, 2, 15, 1, 0.002048 
64, 480, 480, 256, 3, 1, 10, 2, 1, 2, 16, 1, 24, 1, 7.871520 
64, 480, 480, 256, 3, 1, 10, 2, 1, 4, 8, 1, 12, 1, 7.159776 
64, 480, 480, 256, 3, 1, 10, 2, 1, 4, 8, 2, 12, 1, 7.837664 
64, 480, 480, 256, 3, 1, 10, 2, 1, 4, 8, 1, 12, 2, 7.869440 
64, 480, 480, 256, 3, 1, 10, 2, 1, 8, 4, 1, 6, 1, 7.597056 
64, 480, 480, 256, 3, 1, 10, 2, 1, 8, 4, 2, 6, 1, 7.224320 
64, 480, 480, 256, 3, 1, 10, 2, 1, 8, 4, 3, 6, 1, 9.487360 
64, 480, 480, 256, 3, 1, 10, 2, 1, 8, 4, 1, 6, 2, 7.196640 
64, 480, 480, 256, 3, 1, 10, 2, 1, 8, 4, 2, 6, 2, 7.835648 
64, 480, 480, 256, 3, 1, 10, 2, 1, 8, 4, 1, 6, 4, 7.867424 
64, 480, 480, 256, 3, 1, 10, 2, 1, 16, 2, 1, 3, 1, 10.172448 
64, 480, 480, 256, 3, 1, 10, 2, 1, 16, 2, 2, 3, 1, 7.612416 
64, 480, 480, 256, 3, 1, 10, 2, 1, 16, 2, 3, 3, 1, 7.831584 
64, 480, 480, 256, 3, 1, 10, 2, 1, 16, 2, 4, 3, 1, 7.565312 
64, 480, 480, 256, 3, 1, 10, 2, 1, 16, 2, 5, 3, 1, 11.080704 
64, 480, 480, 256, 3, 1, 10, 2, 1, 16, 2, 1, 3, 2, 7.635936 
64, 480, 480, 256, 3, 1, 10, 2, 1, 16, 2, 2, 3, 2, 7.193600 
64, 480, 480, 256, 3, 1, 10, 2, 1, 16, 2, 3, 3, 2, 9.490400 
64, 480, 480, 256, 3, 1, 10, 2, 1, 16, 2, 1, 3, 4, 7.223328 
64, 480, 480, 256, 3, 1, 10, 2, 1, 16, 2, 2, 3, 4, 7.832576 
64, 480, 480, 256, 3, 1, 10, 2, 1, 16, 2, 1, 3, 8, 7.863296 
64, 480, 480, 256, 3, 1, 10, 4, 1, 4, 8, 1, 12, 1, 8.701952 
64, 480, 480, 256, 3, 1, 10, 4, 1, 4, 8, 2, 12, 1, 0.002048 
64, 480, 480, 256, 3, 1, 10, 4, 1, 8, 4, 1, 6, 1, 7.114752 
64, 480, 480, 256, 3, 1, 10, 4, 1, 8, 4, 2, 6, 1, 8.657888 
64, 480, 480, 256, 3, 1, 10, 4, 1, 8, 4, 3, 6, 1, 7.774176 
64, 480, 480, 256, 3, 1, 10, 4, 1, 8, 4, 1, 6, 2, 8.706016 
64, 480, 480, 256, 3, 1, 10, 4, 1, 8, 4, 2, 6, 2, 0.002016 
64, 480, 480, 256, 3, 1, 10, 4, 1, 16, 2, 1, 3, 1, 7.972896 
64, 480, 480, 256, 3, 1, 10, 4, 1, 16, 2, 2, 3, 1, 7.166944 
64, 480, 480, 256, 3, 1, 10, 4, 1, 16, 2, 3, 3, 1, 7.656448 
64, 480, 480, 256, 3, 1, 10, 4, 1, 16, 2, 4, 3, 1, 9.077760 
64, 480, 480, 256, 3, 1, 10, 4, 1, 16, 2, 5, 3, 1, 8.357856 
64, 480, 480, 256, 3, 1, 10, 4, 1, 16, 2, 1, 3, 2, 7.129088 
64, 480, 480, 256, 3, 1, 10, 4, 1, 16, 2, 2, 3, 2, 8.680416 
64, 480, 480, 256, 3, 1, 10, 4, 1, 16, 2, 3, 3, 2, 7.779360 
64, 480, 480, 256, 3, 1, 10, 4, 1, 16, 2, 1, 3, 4, 8.699872 
64, 480, 480, 256, 3, 1, 10, 4, 1, 16, 2, 2, 3, 4, 0.002048 
64, 480, 480, 256, 3, 1, 10, 8, 1, 8, 4, 1, 6, 1, 7.124960 
64, 480, 480, 256, 3, 1, 10, 8, 1, 8, 4, 2, 6, 1, 7.217152 
64, 480, 480, 256, 3, 1, 10, 8, 1, 8, 4, 3, 6, 1, 0.002048 
64, 480, 480, 256, 3, 1, 10, 8, 1, 16, 2, 1, 3, 1, 7.786496 
64, 480, 480, 256, 3, 1, 10, 8, 1, 16, 2, 2, 3, 1, 7.203808 
64, 480, 480, 256, 3, 1, 10, 8, 1, 16, 2, 3, 3, 1, 9.910272 
64, 480, 480, 256, 3, 1, 10, 8, 1, 16, 2, 4, 3, 1, 7.334912 
64, 480, 480, 256, 3, 1, 10, 8, 1, 16, 2, 5, 3, 1, 7.263232 
64, 480, 480, 256, 3, 1, 10, 8, 1, 16, 2, 1, 3, 2, 7.133184 
64, 480, 480, 256, 3, 1, 10, 8, 1, 16, 2, 2, 3, 2, 7.217120 
64, 480, 480, 256, 3, 1, 10, 8, 1, 16, 2, 3, 3, 2, 0.002080 
64, 480, 480, 256, 3, 1, 10, 16, 1, 16, 2, 1, 3, 1, 34.365440 
64, 480, 480, 256, 3, 1, 10, 16, 1, 16, 2, 2, 3, 1, 34.553825 
64, 480, 480, 256, 3, 1, 10, 16, 1, 16, 2, 3, 3, 1, 1.430496 
64, 480, 480, 256, 3, 1, 12, 2, 1, 2, 16, 1, 20, 1, 7.683072 
64, 480, 480, 256, 3, 1, 12, 2, 1, 4, 8, 1, 10, 1, 7.626752 
64, 480, 480, 256, 3, 1, 12, 2, 1, 4, 8, 2, 10, 1, 7.712736 
64, 480, 480, 256, 3, 1, 12, 2, 1, 4, 8, 1, 10, 2, 7.677952 
64, 480, 480, 256, 3, 1, 12, 2, 1, 8, 4, 1, 5, 1, 7.922688 
64, 480, 480, 256, 3, 1, 12, 2, 1, 8, 4, 2, 5, 1, 7.679968 
64, 480, 480, 256, 3, 1, 12, 2, 1, 8, 4, 3, 5, 1, 9.288704 
64, 480, 480, 256, 3, 1, 12, 2, 1, 8, 4, 1, 5, 2, 7.615520 
64, 480, 480, 256, 3, 1, 12, 2, 1, 8, 4, 2, 5, 2, 7.706624 
64, 480, 480, 256, 3, 1, 12, 2, 1, 8, 4, 1, 5, 4, 7.681024 
64, 480, 480, 256, 3, 1, 12, 4, 1, 4, 8, 1, 10, 1, 9.776128 
64, 480, 480, 256, 3, 1, 12, 4, 1, 4, 8, 2, 10, 1, 0.003072 
64, 480, 480, 256, 3, 1, 12, 4, 1, 8, 4, 1, 5, 1, 7.773184 
64, 480, 480, 256, 3, 1, 12, 4, 1, 8, 4, 2, 5, 1, 10.011648 
64, 480, 480, 256, 3, 1, 12, 4, 1, 8, 4, 3, 5, 1, 7.476192 
64, 480, 480, 256, 3, 1, 12, 4, 1, 8, 4, 1, 5, 2, 9.774048 
64, 480, 480, 256, 3, 1, 12, 4, 1, 8, 4, 2, 5, 2, 0.003072 
64, 480, 480, 256, 3, 1, 12, 8, 1, 8, 4, 1, 5, 1, 8.044544 
64, 480, 480, 256, 3, 1, 12, 8, 1, 8, 4, 2, 5, 1, 8.970240 
64, 480, 480, 256, 3, 1, 12, 8, 1, 8, 4, 3, 5, 1, 7.153632 
64, 480, 480, 256, 3, 1, 15, 2, 1, 2, 16, 1, 16, 1, 7.816192 
64, 480, 480, 256, 3, 1, 15, 2, 1, 4, 8, 1, 8, 1, 7.415840 
64, 480, 480, 256, 3, 1, 15, 2, 1, 4, 8, 2, 8, 1, 7.914528 
64, 480, 480, 256, 3, 1, 15, 2, 1, 4, 8, 1, 8, 2, 7.820320 
64, 480, 480, 256, 3, 1, 15, 2, 1, 8, 4, 1, 4, 1, 7.869440 
64, 480, 480, 256, 3, 1, 15, 2, 1, 8, 4, 2, 4, 1, 7.646176 
64, 480, 480, 256, 3, 1, 15, 2, 1, 8, 4, 3, 4, 1, 10.263552 
64, 480, 480, 256, 3, 1, 15, 2, 1, 8, 4, 1, 4, 2, 7.448576 
64, 480, 480, 256, 3, 1, 15, 2, 1, 8, 4, 2, 4, 2, 7.913440 
64, 480, 480, 256, 3, 1, 15, 2, 1, 8, 4, 1, 4, 4, 7.814144 
64, 480, 480, 256, 3, 1, 15, 2, 1, 16, 2, 1, 2, 1, 9.682976 
64, 480, 480, 256, 3, 1, 15, 2, 1, 16, 2, 2, 2, 1, 8.350752 
64, 480, 480, 256, 3, 1, 15, 2, 1, 16, 2, 3, 2, 1, 8.082432 
64, 480, 480, 256, 3, 1, 15, 2, 1, 16, 2, 4, 2, 1, 8.019968 
64, 480, 480, 256, 3, 1, 15, 2, 1, 16, 2, 5, 2, 1, 8.164320 
64, 480, 480, 256, 3, 1, 15, 2, 1, 16, 2, 1, 2, 2, 7.876608 
64, 480, 480, 256, 3, 1, 15, 2, 1, 16, 2, 2, 2, 2, 7.625760 
64, 480, 480, 256, 3, 1, 15, 2, 1, 16, 2, 3, 2, 2, 10.266624 
64, 480, 480, 256, 3, 1, 15, 2, 1, 16, 2, 1, 2, 4, 7.407616 
64, 480, 480, 256, 3, 1, 15, 2, 1, 16, 2, 2, 2, 4, 7.913472 
64, 480, 480, 256, 3, 1, 15, 2, 1, 16, 2, 1, 2, 8, 7.814176 
64, 480, 480, 256, 3, 1, 15, 2, 1, 32, 1, 1, 1, 1, 19.558432 
64, 480, 480, 256, 3, 1, 15, 2, 1, 32, 1, 2, 1, 1, 12.547104 
64, 480, 480, 256, 3, 1, 15, 2, 1, 32, 1, 3, 1, 1, 15.515648 
64, 480, 480, 256, 3, 1, 15, 2, 1, 32, 1, 4, 1, 1, 11.364352 
64, 480, 480, 256, 3, 1, 15, 2, 1, 32, 1, 5, 1, 1, 12.947488 
64, 480, 480, 256, 3, 1, 15, 2, 1, 32, 1, 6, 1, 1, 10.729440 
64, 480, 480, 256, 3, 1, 15, 2, 1, 32, 1, 1, 1, 2, 9.710624 
64, 480, 480, 256, 3, 1, 15, 2, 1, 32, 1, 2, 1, 2, 8.334368 
64, 480, 480, 256, 3, 1, 15, 2, 1, 32, 1, 3, 1, 2, 8.086496 
64, 480, 480, 256, 3, 1, 15, 2, 1, 32, 1, 4, 1, 2, 8.015872 
64, 480, 480, 256, 3, 1, 15, 2, 1, 32, 1, 5, 1, 2, 8.160256 
64, 480, 480, 256, 3, 1, 15, 2, 1, 32, 1, 1, 1, 4, 7.863296 
64, 480, 480, 256, 3, 1, 15, 2, 1, 32, 1, 2, 1, 4, 7.634912 
64, 480, 480, 256, 3, 1, 15, 2, 1, 32, 1, 3, 1, 4, 10.264544 
64, 480, 480, 256, 3, 1, 15, 2, 1, 32, 1, 1, 1, 8, 7.439392 
64, 480, 480, 256, 3, 1, 15, 2, 1, 32, 1, 2, 1, 8, 7.920672 
64, 480, 480, 256, 3, 1, 15, 2, 1, 32, 1, 1, 1, 16, 7.832608 
64, 480, 480, 256, 3, 1, 15, 4, 1, 4, 8, 1, 8, 1, 6.211616 
64, 480, 480, 256, 3, 1, 15, 4, 1, 4, 8, 2, 8, 1, 6.707168 
64, 480, 480, 256, 3, 1, 15, 4, 1, 8, 4, 1, 4, 1, 6.323232 
64, 480, 480, 256, 3, 1, 15, 4, 1, 8, 4, 2, 4, 1, 6.261760 
64, 480, 480, 256, 3, 1, 15, 4, 1, 8, 4, 3, 4, 1, 7.945184 
64, 480, 480, 256, 3, 1, 15, 4, 1, 8, 4, 1, 4, 2, 6.204416 
64, 480, 480, 256, 3, 1, 15, 4, 1, 8, 4, 2, 4, 2, 6.713344 
64, 480, 480, 256, 3, 1, 15, 4, 1, 16, 2, 1, 2, 1, 7.602144 
64, 480, 480, 256, 3, 1, 15, 4, 1, 16, 2, 2, 2, 1, 6.474752 
64, 480, 480, 256, 3, 1, 15, 4, 1, 16, 2, 3, 2, 1, 7.567328 
64, 480, 480, 256, 3, 1, 15, 4, 1, 16, 2, 4, 2, 1, 6.413344 
64, 480, 480, 256, 3, 1, 15, 4, 1, 16, 2, 5, 2, 1, 10.145792 
64, 480, 480, 256, 3, 1, 15, 4, 1, 16, 2, 1, 2, 2, 6.358016 
64, 480, 480, 256, 3, 1, 15, 4, 1, 16, 2, 2, 2, 2, 6.283264 
64, 480, 480, 256, 3, 1, 15, 4, 1, 16, 2, 3, 2, 2, 7.942176 
64, 480, 480, 256, 3, 1, 15, 4, 1, 16, 2, 1, 2, 4, 6.200288 
64, 480, 480, 256, 3, 1, 15, 4, 1, 16, 2, 2, 2, 4, 6.718432 
64, 480, 480, 256, 3, 1, 15, 4, 1, 32, 1, 1, 1, 1, 12.634112 
64, 480, 480, 256, 3, 1, 15, 4, 1, 32, 1, 2, 1, 1, 8.835104 
64, 480, 480, 256, 3, 1, 15, 4, 1, 32, 1, 3, 1, 1, 9.933856 
64, 480, 480, 256, 3, 1, 15, 4, 1, 32, 1, 4, 1, 1, 7.406592 
64, 480, 480, 256, 3, 1, 15, 4, 1, 32, 1, 5, 1, 1, 9.847776 
64, 480, 480, 256, 3, 1, 15, 4, 1, 32, 1, 6, 1, 1, 8.148992 
64, 480, 480, 256, 3, 1, 15, 4, 1, 32, 1, 1, 1, 2, 7.561216 
64, 480, 480, 256, 3, 1, 15, 4, 1, 32, 1, 2, 1, 2, 6.589440 
64, 480, 480, 256, 3, 1, 15, 4, 1, 32, 1, 3, 1, 2, 7.562272 
64, 480, 480, 256, 3, 1, 15, 4, 1, 32, 1, 4, 1, 2, 6.416384 
64, 480, 480, 256, 3, 1, 15, 4, 1, 32, 1, 5, 1, 2, 10.143744 
64, 480, 480, 256, 3, 1, 15, 4, 1, 32, 1, 1, 1, 4, 6.331360 
64, 480, 480, 256, 3, 1, 15, 4, 1, 32, 1, 2, 1, 4, 6.263808 
64, 480, 480, 256, 3, 1, 15, 4, 1, 32, 1, 3, 1, 4, 7.936000 
64, 480, 480, 256, 3, 1, 15, 4, 1, 32, 1, 1, 1, 8, 6.219776 
64, 480, 480, 256, 3, 1, 15, 4, 1, 32, 1, 2, 1, 8, 6.706208 
64, 480, 480, 256, 3, 1, 15, 8, 1, 8, 4, 1, 4, 1, 43.925537 
64, 480, 480, 256, 3, 1, 15, 8, 1, 8, 4, 2, 4, 1, 31.169537 
64, 480, 480, 256, 3, 1, 15, 8, 1, 8, 4, 3, 4, 1, 37.548031 
64, 480, 480, 256, 3, 1, 15, 8, 1, 16, 2, 1, 2, 1, 39.451649 
64, 480, 480, 256, 3, 1, 15, 8, 1, 16, 2, 2, 2, 1, 61.685760 
64, 480, 480, 256, 3, 1, 15, 8, 1, 16, 2, 3, 2, 1, 50.353184 
64, 480, 480, 256, 3, 1, 15, 8, 1, 16, 2, 4, 2, 1, 34.835487 
64, 480, 480, 256, 3, 1, 15, 8, 1, 16, 2, 5, 2, 1, 39.306240 
64, 480, 480, 256, 3, 1, 15, 8, 1, 16, 2, 1, 2, 2, 44.257278 
64, 480, 480, 256, 3, 1, 15, 8, 1, 16, 2, 2, 2, 2, 29.755424 
64, 480, 480, 256, 3, 1, 15, 8, 1, 16, 2, 3, 2, 2, 37.527554 
64, 480, 480, 256, 3, 1, 15, 8, 1, 32, 1, 1, 1, 1, 39.968735 
64, 480, 480, 256, 3, 1, 15, 8, 1, 32, 1, 2, 1, 1, 39.859234 
64, 480, 480, 256, 3, 1, 15, 8, 1, 32, 1, 3, 1, 1, 43.588608 
64, 480, 480, 256, 3, 1, 15, 8, 1, 32, 1, 4, 1, 1, 53.440514 
64, 480, 480, 256, 3, 1, 15, 8, 1, 32, 1, 5, 1, 1, 45.713440 
64, 480, 480, 256, 3, 1, 15, 8, 1, 32, 1, 6, 1, 1, 52.589569 
64, 480, 480, 256, 3, 1, 15, 8, 1, 32, 1, 1, 1, 2, 39.643135 
64, 480, 480, 256, 3, 1, 15, 8, 1, 32, 1, 2, 1, 2, 61.739010 
64, 480, 480, 256, 3, 1, 15, 8, 1, 32, 1, 3, 1, 2, 50.541569 
64, 480, 480, 256, 3, 1, 15, 8, 1, 32, 1, 4, 1, 2, 33.721375 
64, 480, 480, 256, 3, 1, 15, 8, 1, 32, 1, 5, 1, 2, 39.659554 
64, 480, 480, 256, 3, 1, 15, 8, 1, 32, 1, 1, 1, 4, 43.954178 
64, 480, 480, 256, 3, 1, 15, 8, 1, 32, 1, 2, 1, 4, 31.079456 
64, 480, 480, 256, 3, 1, 15, 8, 1, 32, 1, 3, 1, 4, 37.476318 
64, 480, 480, 256, 3, 1, 16, 2, 1, 2, 16, 1, 15, 1, 7.972832 
64, 480, 480, 256, 3, 1, 20, 2, 1, 2, 16, 1, 12, 1, 8.770528 
64, 480, 480, 256, 3, 1, 20, 2, 1, 4, 8, 1, 6, 1, 7.206912 
64, 480, 480, 256, 3, 1, 20, 2, 1, 4, 8, 2, 6, 1, 8.745984 
64, 480, 480, 256, 3, 1, 20, 2, 1, 4, 8, 1, 6, 2, 8.774624 
64, 480, 480, 256, 3, 1, 20, 2, 1, 8, 4, 1, 3, 1, 9.050144 
64, 480, 480, 256, 3, 1, 20, 2, 1, 8, 4, 2, 3, 1, 7.283744 
64, 480, 480, 256, 3, 1, 20, 2, 1, 8, 4, 3, 3, 1, 7.741376 
64, 480, 480, 256, 3, 1, 20, 2, 1, 8, 4, 1, 3, 2, 7.201792 
64, 480, 480, 256, 3, 1, 20, 2, 1, 8, 4, 2, 3, 2, 8.743936 
64, 480, 480, 256, 3, 1, 20, 2, 1, 8, 4, 1, 3, 4, 8.771552 
64, 480, 480, 256, 3, 1, 20, 4, 1, 4, 8, 1, 6, 1, 7.320608 
64, 480, 480, 256, 3, 1, 20, 4, 1, 4, 8, 2, 6, 1, 7.221216 
64, 480, 480, 256, 3, 1, 20, 4, 1, 8, 4, 1, 3, 1, 8.033280 
64, 480, 480, 256, 3, 1, 20, 4, 1, 8, 4, 2, 3, 1, 7.505888 
64, 480, 480, 256, 3, 1, 20, 4, 1, 8, 4, 3, 3, 1, 10.064896 
64, 480, 480, 256, 3, 1, 20, 4, 1, 8, 4, 1, 3, 2, 7.270400 
64, 480, 480, 256, 3, 1, 20, 4, 1, 8, 4, 2, 3, 2, 7.243744 
64, 480, 480, 256, 3, 1, 20, 8, 1, 8, 4, 1, 3, 1, 26.864609 
64, 480, 480, 256, 3, 1, 20, 8, 1, 8, 4, 2, 3, 1, 24.880096 
64, 480, 480, 256, 3, 1, 20, 8, 1, 8, 4, 3, 3, 1, 0.002080 
64, 480, 480, 256, 3, 1, 24, 2, 1, 2, 16, 1, 10, 1, 9.979840 
64, 480, 480, 256, 3, 1, 24, 2, 1, 4, 8, 1, 5, 1, 7.921664 
64, 480, 480, 256, 3, 1, 24, 2, 1, 4, 8, 2, 5, 1, 10.249216 
64, 480, 480, 256, 3, 1, 24, 2, 1, 4, 8, 1, 5, 2, 9.984992 
64, 480, 480, 256, 3, 1, 24, 4, 1, 4, 8, 1, 5, 1, 8.765472 
64, 480, 480, 256, 3, 1, 24, 4, 1, 4, 8, 2, 5, 1, 9.015296 
64, 480, 480, 256, 3, 1, 30, 2, 1, 2, 16, 1, 8, 1, 6.336512 
64, 480, 480, 256, 3, 1, 30, 2, 1, 4, 8, 1, 4, 1, 6.925344 
64, 480, 480, 256, 3, 1, 30, 2, 1, 4, 8, 2, 4, 1, 6.409248 
64, 480, 480, 256, 3, 1, 30, 2, 1, 4, 8, 1, 4, 2, 6.381568 
64, 480, 480, 256, 3, 1, 30, 2, 1, 8, 4, 1, 2, 1, 8.752096 
64, 480, 480, 256, 3, 1, 30, 2, 1, 8, 4, 2, 2, 1, 7.369728 
64, 480, 480, 256, 3, 1, 30, 2, 1, 8, 4, 3, 2, 1, 7.808032 
64, 480, 480, 256, 3, 1, 30, 2, 1, 8, 4, 1, 2, 2, 6.944800 
64, 480, 480, 256, 3, 1, 30, 2, 1, 8, 4, 2, 2, 2, 6.425632 
64, 480, 480, 256, 3, 1, 30, 2, 1, 8, 4, 1, 2, 4, 6.344736 
64, 480, 480, 256, 3, 1, 30, 2, 1, 16, 2, 1, 1, 1, 14.619648 
64, 480, 480, 256, 3, 1, 30, 2, 1, 16, 2, 2, 1, 1, 8.934432 
64, 480, 480, 256, 3, 1, 30, 2, 1, 16, 2, 3, 1, 1, 10.174496 
64, 480, 480, 256, 3, 1, 30, 2, 1, 16, 2, 4, 1, 1, 9.509920 
64, 480, 480, 256, 3, 1, 30, 2, 1, 16, 2, 5, 1, 1, 10.158080 
64, 480, 480, 256, 3, 1, 30, 2, 1, 16, 2, 1, 1, 2, 8.837120 
64, 480, 480, 256, 3, 1, 30, 2, 1, 16, 2, 2, 1, 2, 7.334944 
64, 480, 480, 256, 3, 1, 30, 2, 1, 16, 2, 3, 1, 2, 7.798752 
64, 480, 480, 256, 3, 1, 30, 2, 1, 16, 2, 1, 1, 4, 6.979584 
64, 480, 480, 256, 3, 1, 30, 2, 1, 16, 2, 2, 1, 4, 6.367200 
64, 480, 480, 256, 3, 1, 30, 2, 1, 16, 2, 1, 1, 8, 6.309920 
64, 480, 480, 256, 3, 1, 30, 4, 1, 4, 8, 1, 4, 1, 8.464416 
64, 480, 480, 256, 3, 1, 30, 4, 1, 4, 8, 2, 4, 1, 8.156160 
64, 480, 480, 256, 3, 1, 30, 4, 1, 8, 4, 1, 2, 1, 9.904128 
64, 480, 480, 256, 3, 1, 30, 4, 1, 8, 4, 2, 2, 1, 8.489984 
64, 480, 480, 256, 3, 1, 30, 4, 1, 8, 4, 3, 2, 1, 8.680448 
64, 480, 480, 256, 3, 1, 30, 4, 1, 8, 4, 1, 2, 2, 8.371232 
64, 480, 480, 256, 3, 1, 30, 4, 1, 8, 4, 2, 2, 2, 8.154112 
64, 480, 480, 256, 3, 1, 30, 4, 1, 16, 2, 1, 1, 1, 14.450656 
64, 480, 480, 256, 3, 1, 30, 4, 1, 16, 2, 2, 1, 1, 10.814496 
64, 480, 480, 256, 3, 1, 30, 4, 1, 16, 2, 3, 1, 1, 11.894784 
64, 480, 480, 256, 3, 1, 30, 4, 1, 16, 2, 4, 1, 1, 9.909248 
64, 480, 480, 256, 3, 1, 30, 4, 1, 16, 2, 5, 1, 1, 10.405920 
64, 480, 480, 256, 3, 1, 30, 4, 1, 16, 2, 1, 1, 2, 10.470400 
64, 480, 480, 256, 3, 1, 30, 4, 1, 16, 2, 2, 1, 2, 8.962016 
64, 480, 480, 256, 3, 1, 30, 4, 1, 16, 2, 3, 1, 2, 8.436736 
64, 480, 480, 256, 3, 1, 30, 4, 1, 16, 2, 1, 1, 4, 8.558592 
64, 480, 480, 256, 3, 1, 30, 4, 1, 16, 2, 2, 1, 4, 8.154112 
64, 480, 480, 256, 3, 1, 40, 2, 1, 2, 16, 1, 6, 1, 7.650336 
64, 480, 480, 256, 3, 1, 40, 2, 1, 4, 8, 1, 3, 1, 9.843712 
64, 480, 480, 256, 3, 1, 40, 2, 1, 4, 8, 2, 3, 1, 8.074208 
64, 480, 480, 256, 3, 1, 40, 2, 1, 4, 8, 1, 3, 2, 7.632864 
64, 480, 480, 256, 3, 1, 40, 4, 1, 4, 8, 1, 3, 1, 16.621536 
64, 480, 480, 256, 3, 1, 40, 4, 1, 4, 8, 2, 3, 1, 15.889440 
64, 480, 480, 256, 3, 1, 48, 2, 1, 2, 16, 1, 5, 1, 9.434112 
64, 480, 480, 256, 3, 1, 60, 2, 1, 2, 16, 1, 4, 1, 7.552000 
64, 480, 480, 256, 3, 1, 60, 2, 1, 4, 8, 1, 2, 1, 11.236384 
64, 480, 480, 256, 3, 1, 60, 2, 1, 4, 8, 2, 2, 1, 8.363008 
64, 480, 480, 256, 3, 1, 60, 2, 1, 4, 8, 1, 2, 2, 7.647232 
64, 480, 480, 256, 3, 1, 60, 2, 1, 8, 4, 1, 1, 1, 15.307776 
64, 480, 480, 256, 3, 1, 60, 2, 1, 8, 4, 2, 1, 1, 11.167744 
64, 480, 480, 256, 3, 1, 60, 2, 1, 8, 4, 3, 1, 1, 11.407360 
64, 480, 480, 256, 3, 1, 60, 2, 1, 8, 4, 1, 1, 2, 11.158528 
64, 480, 480, 256, 3, 1, 60, 2, 1, 8, 4, 2, 1, 2, 8.235040 
64, 480, 480, 256, 3, 1, 60, 2, 1, 8, 4, 1, 1, 4, 7.621664 
128, 378, 378, 1024, 3, 1, 7, 2, 1, 2, 16, 1, 27, 1, 36.911137 
128, 378, 378, 1024, 3, 1, 7, 4, 1, 2, 16, 1, 27, 1, 0.003072 
128, 378, 378, 1024, 3, 1, 9, 2, 1, 2, 16, 1, 21, 1, 40.492065 
128, 378, 378, 1024, 3, 1, 9, 4, 1, 2, 16, 1, 21, 1, 0.002016 
128, 378, 378, 1024, 3, 1, 21, 2, 1, 2, 16, 1, 9, 1, 39.775230 
128, 378, 378, 1024, 3, 1, 21, 4, 1, 2, 16, 1, 9, 1, 53.898273 
128, 378, 378, 1024, 3, 1, 27, 2, 1, 2, 16, 1, 7, 1, 37.778431 
128, 378, 378, 1024, 3, 1, 27, 4, 1, 2, 16, 1, 7, 1, 86.760445 
128, 378, 378, 1024, 3, 1, 63, 2, 1, 2, 16, 1, 3, 1, 46.631935 
512, 360, 360, 128, 3, 1, 3, 2, 1, 4, 8, 1, 30, 1, 26.008575 
512, 360, 360, 128, 3, 1, 3, 2, 1, 8, 4, 1, 15, 1, 25.044001 
512, 360, 360, 128, 3, 1, 3, 2, 1, 8, 4, 2, 15, 1, 25.946112 
512, 360, 360, 128, 3, 1, 3, 2, 1, 8, 4, 1, 15, 2, 25.991137 
512, 360, 360, 128, 3, 1, 3, 4, 1, 4, 8, 1, 30, 1, 20.367359 
512, 360, 360, 128, 3, 1, 3, 4, 1, 8, 4, 1, 15, 1, 18.253824 
512, 360, 360, 128, 3, 1, 3, 4, 1, 8, 4, 2, 15, 1, 19.116032 
512, 360, 360, 128, 3, 1, 3, 4, 1, 8, 4, 1, 15, 2, 20.358145 
512, 360, 360, 128, 3, 1, 3, 8, 1, 4, 8, 1, 30, 1, 0.002080 
512, 360, 360, 128, 3, 1, 3, 8, 1, 8, 4, 1, 15, 1, 20.312063 
512, 360, 360, 128, 3, 1, 3, 8, 1, 8, 4, 2, 15, 1, 0.003040 
512, 360, 360, 128, 3, 1, 3, 8, 1, 8, 4, 1, 15, 2, 0.003072 
512, 360, 360, 128, 3, 1, 3, 16, 1, 4, 8, 1, 30, 1, 0.002048 
512, 360, 360, 128, 3, 1, 3, 16, 1, 8, 4, 1, 15, 1, 20.747295 
512, 360, 360, 128, 3, 1, 3, 16, 1, 8, 4, 2, 15, 1, 0.003072 
512, 360, 360, 128, 3, 1, 3, 16, 1, 8, 4, 1, 15, 2, 0.003008 
512, 360, 360, 128, 3, 1, 3, 32, 1, 8, 4, 1, 15, 1, 34.377728 
512, 360, 360, 128, 3, 1, 5, 2, 1, 4, 8, 1, 18, 1, 27.323393 
512, 360, 360, 128, 3, 1, 5, 2, 1, 8, 4, 1, 9, 1, 20.914177 
512, 360, 360, 128, 3, 1, 5, 2, 1, 8, 4, 2, 9, 1, 27.366400 
512, 360, 360, 128, 3, 1, 5, 2, 1, 8, 4, 3, 9, 1, 23.870464 
512, 360, 360, 128, 3, 1, 5, 2, 1, 8, 4, 1, 9, 2, 27.317247 
512, 360, 360, 128, 3, 1, 5, 4, 1, 4, 8, 1, 18, 1, 20.799488 
512, 360, 360, 128, 3, 1, 5, 4, 1, 8, 4, 1, 9, 1, 16.743423 
512, 360, 360, 128, 3, 1, 5, 4, 1, 8, 4, 2, 9, 1, 20.800512 
512, 360, 360, 128, 3, 1, 5, 4, 1, 8, 4, 3, 9, 1, 18.398176 
512, 360, 360, 128, 3, 1, 5, 4, 1, 8, 4, 1, 9, 2, 20.812769 
512, 360, 360, 128, 3, 1, 5, 8, 1, 4, 8, 1, 18, 1, 18.191360 
512, 360, 360, 128, 3, 1, 5, 8, 1, 8, 4, 1, 9, 1, 16.839712 
512, 360, 360, 128, 3, 1, 5, 8, 1, 8, 4, 2, 9, 1, 17.282047 
512, 360, 360, 128, 3, 1, 5, 8, 1, 8, 4, 3, 9, 1, 0.002080 
512, 360, 360, 128, 3, 1, 5, 8, 1, 8, 4, 1, 9, 2, 18.183168 
512, 360, 360, 128, 3, 1, 5, 16, 1, 4, 8, 1, 18, 1, 0.002048 
512, 360, 360, 128, 3, 1, 5, 16, 1, 8, 4, 1, 9, 1, 22.117376 
512, 360, 360, 128, 3, 1, 5, 16, 1, 8, 4, 2, 9, 1, 0.002048 
512, 360, 360, 128, 3, 1, 5, 16, 1, 8, 4, 1, 9, 2, 0.002016 
512, 360, 360, 128, 3, 1, 5, 32, 1, 8, 4, 1, 9, 1, 1.431552 
512, 360, 360, 128, 3, 1, 6, 2, 1, 2, 16, 1, 30, 1, 17.106943 
512, 360, 360, 128, 3, 1, 6, 2, 1, 4, 8, 1, 15, 1, 17.151936 
512, 360, 360, 128, 3, 1, 6, 2, 1, 4, 8, 2, 15, 1, 17.743904 
512, 360, 360, 128, 3, 1, 6, 2, 1, 4, 8, 1, 15, 2, 17.100737 
512, 360, 360, 128, 3, 1, 6, 4, 1, 2, 16, 1, 30, 1, 0.002048 
512, 360, 360, 128, 3, 1, 6, 4, 1, 4, 8, 1, 15, 1, 19.583967 
512, 360, 360, 128, 3, 1, 6, 4, 1, 4, 8, 2, 15, 1, 0.002016 
512, 360, 360, 128, 3, 1, 6, 4, 1, 4, 8, 1, 15, 2, 0.002048 
512, 360, 360, 128, 3, 1, 6, 8, 1, 2, 16, 1, 30, 1, 0.003072 
512, 360, 360, 128, 3, 1, 6, 8, 1, 4, 8, 1, 15, 1, 16.611328 
512, 360, 360, 128, 3, 1, 6, 8, 1, 4, 8, 2, 15, 1, 0.002048 
512, 360, 360, 128, 3, 1, 6, 8, 1, 4, 8, 1, 15, 2, 0.003072 
512, 360, 360, 128, 3, 1, 6, 16, 1, 4, 8, 1, 15, 1, 18.869247 
512, 360, 360, 128, 3, 1, 9, 2, 1, 2, 16, 1, 20, 1, 19.516417 
512, 360, 360, 128, 3, 1, 9, 2, 1, 4, 8, 1, 10, 1, 18.403328 
512, 360, 360, 128, 3, 1, 9, 2, 1, 4, 8, 2, 10, 1, 19.694559 
512, 360, 360, 128, 3, 1, 9, 2, 1, 4, 8, 1, 10, 2, 19.494911 
512, 360, 360, 128, 3, 1, 9, 2, 1, 8, 4, 1, 5, 1, 18.531328 
512, 360, 360, 128, 3, 1, 9, 2, 1, 8, 4, 2, 5, 1, 18.644993 
512, 360, 360, 128, 3, 1, 9, 2, 1, 8, 4, 3, 5, 1, 23.309343 
512, 360, 360, 128, 3, 1, 9, 2, 1, 8, 4, 4, 5, 1, 20.244448 
512, 360, 360, 128, 3, 1, 9, 2, 1, 8, 4, 1, 5, 2, 18.416672 
512, 360, 360, 128, 3, 1, 9, 2, 1, 8, 4, 2, 5, 2, 19.699713 
512, 360, 360, 128, 3, 1, 9, 2, 1, 8, 4, 1, 5, 4, 19.481567 
512, 360, 360, 128, 3, 1, 9, 4, 1, 2, 16, 1, 20, 1, 15.978464 
512, 360, 360, 128, 3, 1, 9, 4, 1, 4, 8, 1, 10, 1, 15.522816 
512, 360, 360, 128, 3, 1, 9, 4, 1, 4, 8, 2, 10, 1, 15.981536 
512, 360, 360, 128, 3, 1, 9, 4, 1, 4, 8, 1, 10, 2, 15.975424 
512, 360, 360, 128, 3, 1, 9, 4, 1, 8, 4, 1, 5, 1, 16.438240 
512, 360, 360, 128, 3, 1, 9, 4, 1, 8, 4, 2, 5, 1, 15.827968 
512, 360, 360, 128, 3, 1, 9, 4, 1, 8, 4, 3, 5, 1, 17.993759 
512, 360, 360, 128, 3, 1, 9, 4, 1, 8, 4, 4, 5, 1, 16.225281 
512, 360, 360, 128, 3, 1, 9, 4, 1, 8, 4, 1, 5, 2, 15.593440 
512, 360, 360, 128, 3, 1, 9, 4, 1, 8, 4, 2, 5, 2, 15.974400 
512, 360, 360, 128, 3, 1, 9, 4, 1, 8, 4, 1, 5, 4, 15.971328 
512, 360, 360, 128, 3, 1, 9, 8, 1, 2, 16, 1, 20, 1, 0.003072 
512, 360, 360, 128, 3, 1, 9, 8, 1, 4, 8, 1, 10, 1, 19.900385 
512, 360, 360, 128, 3, 1, 9, 8, 1, 4, 8, 2, 10, 1, 0.002048 
512, 360, 360, 128, 3, 1, 9, 8, 1, 4, 8, 1, 10, 2, 0.002048 
512, 360, 360, 128, 3, 1, 9, 8, 1, 8, 4, 1, 5, 1, 17.185823 
512, 360, 360, 128, 3, 1, 9, 8, 1, 8, 4, 2, 5, 1, 19.791872 
512, 360, 360, 128, 3, 1, 9, 8, 1, 8, 4, 3, 5, 1, 15.669216 
512, 360, 360, 128, 3, 1, 9, 8, 1, 8, 4, 4, 5, 1, 0.002048 
512, 360, 360, 128, 3, 1, 9, 8, 1, 8, 4, 1, 5, 2, 19.896320 
512, 360, 360, 128, 3, 1, 9, 8, 1, 8, 4, 2, 5, 2, 0.002048 
512, 360, 360, 128, 3, 1, 9, 8, 1, 8, 4, 1, 5, 4, 0.003040 
512, 360, 360, 128, 3, 1, 9, 16, 1, 4, 8, 1, 10, 1, 68.659203 
512, 360, 360, 128, 3, 1, 9, 16, 1, 8, 4, 1, 5, 1, 68.141052 
512, 360, 360, 128, 3, 1, 9, 16, 1, 8, 4, 2, 5, 1, 67.313698 
512, 360, 360, 128, 3, 1, 9, 16, 1, 8, 4, 1, 5, 2, 68.561890 
512, 360, 360, 128, 3, 1, 10, 2, 1, 2, 16, 1, 18, 1, 20.445185 
512, 360, 360, 128, 3, 1, 10, 2, 1, 4, 8, 1, 9, 1, 16.655392 
512, 360, 360, 128, 3, 1, 10, 2, 1, 4, 8, 2, 9, 1, 20.369408 
512, 360, 360, 128, 3, 1, 10, 2, 1, 4, 8, 1, 9, 2, 20.426720 
512, 360, 360, 128, 3, 1, 10, 4, 1, 2, 16, 1, 18, 1, 17.117184 
512, 360, 360, 128, 3, 1, 10, 4, 1, 4, 8, 1, 9, 1, 16.841696 
512, 360, 360, 128, 3, 1, 10, 4, 1, 4, 8, 2, 9, 1, 17.121281 
512, 360, 360, 128, 3, 1, 10, 4, 1, 4, 8, 1, 9, 2, 17.121281 
512, 360, 360, 128, 3, 1, 10, 8, 1, 2, 16, 1, 18, 1, 0.003072 
512, 360, 360, 128, 3, 1, 10, 8, 1, 4, 8, 1, 9, 1, 22.211552 
512, 360, 360, 128, 3, 1, 10, 8, 1, 4, 8, 2, 9, 1, 0.002048 
512, 360, 360, 128, 3, 1, 10, 8, 1, 4, 8, 1, 9, 2, 0.002048 
512, 360, 360, 128, 3, 1, 10, 16, 1, 4, 8, 1, 9, 1, 1.427456 
512, 360, 360, 128, 3, 1, 12, 2, 1, 2, 16, 1, 15, 1, 19.579872 
512, 360, 360, 128, 3, 1, 12, 4, 1, 2, 16, 1, 15, 1, 16.372768 
512, 360, 360, 128, 3, 1, 12, 8, 1, 2, 16, 1, 15, 1, 16.147455 
512, 360, 360, 128, 3, 1, 15, 2, 1, 2, 16, 1, 12, 1, 21.909536 
512, 360, 360, 128, 3, 1, 15, 2, 1, 4, 8, 1, 6, 1, 16.702463 
512, 360, 360, 128, 3, 1, 15, 2, 1, 4, 8, 2, 6, 1, 22.184992 
512, 360, 360, 128, 3, 1, 15, 2, 1, 4, 8, 1, 6, 2, 21.899263 
512, 360, 360, 128, 3, 1, 15, 2, 1, 8, 4, 1, 3, 1, 18.039808 
512, 360, 360, 128, 3, 1, 15, 2, 1, 8, 4, 2, 3, 1, 17.141792 
512, 360, 360, 128, 3, 1, 15, 2, 1, 8, 4, 3, 3, 1, 18.489344 
512, 360, 360, 128, 3, 1, 15, 2, 1, 8, 4, 4, 3, 1, 22.838305 
512, 360, 360, 128, 3, 1, 15, 2, 1, 8, 4, 1, 3, 2, 16.705568 
512, 360, 360, 128, 3, 1, 15, 2, 1, 8, 4, 2, 3, 2, 22.203392 
512, 360, 360, 128, 3, 1, 15, 2, 1, 8, 4, 1, 3, 4, 21.901279 
512, 360, 360, 128, 3, 1, 15, 4, 1, 2, 16, 1, 12, 1, 17.386528 
512, 360, 360, 128, 3, 1, 15, 4, 1, 4, 8, 1, 6, 1, 16.081951 
512, 360, 360, 128, 3, 1, 15, 4, 1, 4, 8, 2, 6, 1, 17.547264 
512, 360, 360, 128, 3, 1, 15, 4, 1, 4, 8, 1, 6, 2, 17.381376 
512, 360, 360, 128, 3, 1, 15, 4, 1, 8, 4, 1, 3, 1, 16.495617 
512, 360, 360, 128, 3, 1, 15, 4, 1, 8, 4, 2, 3, 1, 16.541664 
512, 360, 360, 128, 3, 1, 15, 4, 1, 8, 4, 3, 3, 1, 23.616480 
512, 360, 360, 128, 3, 1, 15, 4, 1, 8, 4, 4, 3, 1, 17.826817 
512, 360, 360, 128, 3, 1, 15, 4, 1, 8, 4, 1, 3, 2, 16.091105 
512, 360, 360, 128, 3, 1, 15, 4, 1, 8, 4, 2, 3, 2, 17.546240 
512, 360, 360, 128, 3, 1, 15, 4, 1, 8, 4, 1, 3, 4, 17.389568 
512, 360, 360, 128, 3, 1, 15, 8, 1, 2, 16, 1, 12, 1, 97.726463 
512, 360, 360, 128, 3, 1, 15, 8, 1, 4, 8, 1, 6, 1, 87.329788 
512, 360, 360, 128, 3, 1, 15, 8, 1, 4, 8, 2, 6, 1, 95.867905 
512, 360, 360, 128, 3, 1, 15, 8, 1, 4, 8, 1, 6, 2, 97.761246 
512, 360, 360, 128, 3, 1, 15, 8, 1, 8, 4, 1, 3, 1, 123.872292 
512, 360, 360, 128, 3, 1, 15, 8, 1, 8, 4, 2, 3, 1, 89.108513 
512, 360, 360, 128, 3, 1, 15, 8, 1, 8, 4, 3, 3, 1, 71.197731 
512, 360, 360, 128, 3, 1, 15, 8, 1, 8, 4, 4, 3, 1, 96.410660 
512, 360, 360, 128, 3, 1, 15, 8, 1, 8, 4, 1, 3, 2, 86.980606 
512, 360, 360, 128, 3, 1, 15, 8, 1, 8, 4, 2, 3, 2, 95.906845 
512, 360, 360, 128, 3, 1, 15, 8, 1, 8, 4, 1, 3, 4, 97.734688 
512, 360, 360, 128, 3, 1, 18, 2, 1, 2, 16, 1, 10, 1, 15.595552 
512, 360, 360, 128, 3, 1, 18, 2, 1, 4, 8, 1, 5, 1, 16.750624 
512, 360, 360, 128, 3, 1, 18, 2, 1, 4, 8, 2, 5, 1, 15.759360 
512, 360, 360, 128, 3, 1, 18, 2, 1, 4, 8, 1, 5, 2, 15.587328 
512, 360, 360, 128, 3, 1, 18, 4, 1, 2, 16, 1, 10, 1, 20.632576 
512, 360, 360, 128, 3, 1, 18, 4, 1, 4, 8, 1, 5, 1, 17.600512 
512, 360, 360, 128, 3, 1, 18, 4, 1, 4, 8, 2, 5, 1, 20.152288 
512, 360, 360, 128, 3, 1, 18, 4, 1, 4, 8, 1, 5, 2, 20.636671 
512, 360, 360, 128, 3, 1, 18, 8, 1, 2, 16, 1, 10, 1, 109.804543 
512, 360, 360, 128, 3, 1, 18, 8, 1, 4, 8, 1, 5, 1, 58.960930 
512, 360, 360, 128, 3, 1, 18, 8, 1, 4, 8, 2, 5, 1, 59.680801 
512, 360, 360, 128, 3, 1, 18, 8, 1, 4, 8, 1, 5, 2, 111.270912 
512, 360, 360, 128, 3, 1, 20, 2, 1, 2, 16, 1, 9, 1, 25.484320 
512, 360, 360, 128, 3, 1, 20, 4, 1, 2, 16, 1, 9, 1, 22.700031 
512, 360, 360, 128, 3, 1, 20, 8, 1, 2, 16, 1, 9, 1, 0.003040 
512, 360, 360, 128, 3, 1, 30, 2, 1, 2, 16, 1, 6, 1, 16.660513 
512, 360, 360, 128, 3, 1, 30, 2, 1, 4, 8, 1, 3, 1, 17.801249 
512, 360, 360, 128, 3, 1, 30, 2, 1, 4, 8, 2, 3, 1, 17.232864 
512, 360, 360, 128, 3, 1, 30, 2, 1, 4, 8, 1, 3, 2, 16.647167 
512, 360, 360, 128, 3, 1, 30, 4, 1, 2, 16, 1, 6, 1, 24.648705 
512, 360, 360, 128, 3, 1, 30, 4, 1, 4, 8, 1, 3, 1, 20.816864 
512, 360, 360, 128, 3, 1, 30, 4, 1, 4, 8, 2, 3, 1, 18.864096 
512, 360, 360, 128, 3, 1, 30, 4, 1, 4, 8, 1, 3, 2, 24.808479 
512, 360, 360, 128, 3, 1, 36, 2, 1, 2, 16, 1, 5, 1, 20.275232 
512, 360, 360, 128, 3, 1, 36, 4, 1, 2, 16, 1, 5, 1, 32.836609 
512, 360, 360, 128, 3, 1, 45, 2, 1, 2, 16, 1, 4, 1, 17.951744 
512, 360, 360, 128, 3, 1, 45, 2, 1, 4, 8, 1, 2, 1, 20.154367 
512, 360, 360, 128, 3, 1, 45, 2, 1, 4, 8, 2, 2, 1, 18.898945 
512, 360, 360, 128, 3, 1, 45, 2, 1, 4, 8, 1, 2, 2, 17.875969 
512, 360, 360, 128, 3, 1, 45, 2, 1, 8, 4, 1, 1, 1, 28.613632 
512, 360, 360, 128, 3, 1, 45, 2, 1, 8, 4, 2, 1, 1, 21.525503 
512, 360, 360, 128, 3, 1, 45, 2, 1, 8, 4, 3, 1, 1, 21.902369 
512, 360, 360, 128, 3, 1, 45, 2, 1, 8, 4, 4, 1, 1, 19.194847 
512, 360, 360, 128, 3, 1, 45, 2, 1, 8, 4, 1, 1, 2, 20.389889 
512, 360, 360, 128, 3, 1, 45, 2, 1, 8, 4, 2, 1, 2, 18.941919 
512, 360, 360, 128, 3, 1, 45, 2, 1, 8, 4, 1, 1, 4, 17.889313 
512, 360, 360, 128, 3, 1, 45, 4, 1, 2, 16, 1, 4, 1, 33.087486 
512, 360, 360, 128, 3, 1, 45, 4, 1, 4, 8, 1, 2, 1, 30.919680 
512, 360, 360, 128, 3, 1, 45, 4, 1, 4, 8, 2, 2, 1, 34.538494 
512, 360, 360, 128, 3, 1, 45, 4, 1, 4, 8, 1, 2, 2, 32.963615 
512, 360, 360, 128, 3, 1, 45, 4, 1, 8, 4, 1, 1, 1, 33.477631 
512, 360, 360, 128, 3, 1, 45, 4, 1, 8, 4, 2, 1, 1, 31.016993 
512, 360, 360, 128, 3, 1, 45, 4, 1, 8, 4, 3, 1, 1, 28.913631 
512, 360, 360, 128, 3, 1, 45, 4, 1, 8, 4, 4, 1, 1, 29.745184 
512, 360, 360, 128, 3, 1, 45, 4, 1, 8, 4, 1, 1, 2, 31.271969 
512, 360, 360, 128, 3, 1, 45, 4, 1, 8, 4, 2, 1, 2, 34.375713 
512, 360, 360, 128, 3, 1, 45, 4, 1, 8, 4, 1, 1, 4, 33.166367 
512, 360, 360, 128, 3, 1, 60, 2, 1, 2, 16, 1, 3, 1, 20.390911 
1024, 160, 160, 3, 3, 1, 1, 2, 1, 8, 4, 1, 20, 1, 0.957408 
1024, 160, 160, 3, 3, 1, 1, 2, 1, 16, 2, 1, 10, 1, 0.690240 
1024, 160, 160, 3, 3, 1, 1, 2, 1, 16, 2, 2, 10, 1, 0.880640 
1024, 160, 160, 3, 3, 1, 1, 2, 1, 16, 2, 1, 10, 2, 0.957440 
1024, 160, 160, 3, 3, 1, 1, 2, 1, 32, 1, 1, 5, 1, 0.646144 
1024, 160, 160, 3, 3, 1, 1, 2, 1, 32, 1, 2, 5, 1, 0.659456 
1024, 160, 160, 3, 3, 1, 1, 2, 1, 32, 1, 4, 5, 1, 0.835584 
1024, 160, 160, 3, 3, 1, 1, 2, 1, 32, 1, 5, 5, 1, 0.783328 
1024, 160, 160, 3, 3, 1, 1, 2, 1, 32, 1, 1, 5, 2, 0.690176 
1024, 160, 160, 3, 3, 1, 1, 2, 1, 32, 1, 2, 5, 2, 0.876576 
1024, 160, 160, 3, 3, 1, 1, 2, 1, 32, 1, 1, 5, 4, 0.958496 
1024, 160, 160, 3, 3, 1, 1, 4, 1, 8, 4, 1, 20, 1, 0.658464 
1024, 160, 160, 3, 3, 1, 1, 4, 1, 16, 2, 1, 10, 1, 0.523232 
1024, 160, 160, 3, 3, 1, 1, 4, 1, 16, 2, 2, 10, 1, 0.544800 
1024, 160, 160, 3, 3, 1, 1, 4, 1, 16, 2, 1, 10, 2, 0.660480 
1024, 160, 160, 3, 3, 1, 1, 4, 1, 32, 1, 1, 5, 1, 0.468992 
1024, 160, 160, 3, 3, 1, 1, 4, 1, 32, 1, 2, 5, 1, 0.527360 
1024, 160, 160, 3, 3, 1, 1, 4, 1, 32, 1, 4, 5, 1, 0.540672 
1024, 160, 160, 3, 3, 1, 1, 4, 1, 32, 1, 5, 5, 1, 0.519200 
1024, 160, 160, 3, 3, 1, 1, 4, 1, 32, 1, 1, 5, 2, 0.521248 
1024, 160, 160, 3, 3, 1, 1, 4, 1, 32, 1, 2, 5, 2, 0.545792 
1024, 160, 160, 3, 3, 1, 1, 4, 1, 32, 1, 1, 5, 4, 0.659424 
1024, 160, 160, 3, 3, 1, 1, 8, 1, 8, 4, 1, 20, 1, 0.521216 
1024, 160, 160, 3, 3, 1, 1, 8, 1, 16, 2, 1, 10, 1, 0.371680 
1024, 160, 160, 3, 3, 1, 1, 8, 1, 16, 2, 2, 10, 1, 0.394240 
1024, 160, 160, 3, 3, 1, 1, 8, 1, 16, 2, 1, 10, 2, 0.519136 
1024, 160, 160, 3, 3, 1, 1, 8, 1, 32, 1, 1, 5, 1, 0.366592 
1024, 160, 160, 3, 3, 1, 1, 8, 1, 32, 1, 2, 5, 1, 0.363520 
1024, 160, 160, 3, 3, 1, 1, 8, 1, 32, 1, 4, 5, 1, 0.382944 
1024, 160, 160, 3, 3, 1, 1, 8, 1, 32, 1, 5, 5, 1, 0.002048 
1024, 160, 160, 3, 3, 1, 1, 8, 1, 32, 1, 1, 5, 2, 0.370688 
1024, 160, 160, 3, 3, 1, 1, 8, 1, 32, 1, 2, 5, 2, 0.391232 
1024, 160, 160, 3, 3, 1, 1, 8, 1, 32, 1, 1, 5, 4, 0.521216 
1024, 160, 160, 3, 3, 1, 1, 16, 1, 8, 4, 1, 20, 1, 0.665568 
1024, 160, 160, 3, 3, 1, 1, 16, 1, 16, 2, 1, 10, 1, 0.288768 
1024, 160, 160, 3, 3, 1, 1, 16, 1, 16, 2, 2, 10, 1, 0.324576 
1024, 160, 160, 3, 3, 1, 1, 16, 1, 16, 2, 1, 10, 2, 0.662528 
1024, 160, 160, 3, 3, 1, 1, 16, 1, 32, 1, 1, 5, 1, 0.272384 
1024, 160, 160, 3, 3, 1, 1, 16, 1, 32, 1, 2, 5, 1, 0.284672 
1024, 160, 160, 3, 3, 1, 1, 16, 1, 32, 1, 4, 5, 1, 0.318464 
1024, 160, 160, 3, 3, 1, 1, 16, 1, 32, 1, 5, 5, 1, 0.002016 
1024, 160, 160, 3, 3, 1, 1, 16, 1, 32, 1, 1, 5, 2, 0.287712 
1024, 160, 160, 3, 3, 1, 1, 16, 1, 32, 1, 2, 5, 2, 0.324576 
1024, 160, 160, 3, 3, 1, 1, 16, 1, 32, 1, 1, 5, 4, 0.664576 
1024, 160, 160, 3, 3, 1, 1, 32, 1, 8, 4, 1, 20, 1, 0.002016 
1024, 160, 160, 3, 3, 1, 1, 32, 1, 16, 2, 1, 10, 1, 0.442400 
1024, 160, 160, 3, 3, 1, 1, 32, 1, 16, 2, 2, 10, 1, 0.002048 
1024, 160, 160, 3, 3, 1, 1, 32, 1, 16, 2, 1, 10, 2, 0.002048 
1024, 160, 160, 3, 3, 1, 1, 32, 1, 32, 1, 1, 5, 1, 0.260096 
1024, 160, 160, 3, 3, 1, 1, 32, 1, 32, 1, 2, 5, 1, 0.367616 
1024, 160, 160, 3, 3, 1, 1, 32, 1, 32, 1, 4, 5, 1, 0.002080 
1024, 160, 160, 3, 3, 1, 1, 32, 1, 32, 1, 5, 5, 1, 0.002016 
1024, 160, 160, 3, 3, 1, 1, 32, 1, 32, 1, 1, 5, 2, 0.442368 
1024, 160, 160, 3, 3, 1, 1, 32, 1, 32, 1, 2, 5, 2, 0.002080 
1024, 160, 160, 3, 3, 1, 1, 32, 1, 32, 1, 1, 5, 4, 0.002080 
1024, 160, 160, 3, 3, 1, 1, 64, 1, 8, 4, 1, 20, 1, 0.003104 
1024, 160, 160, 3, 3, 1, 1, 64, 1, 16, 2, 1, 10, 1, 0.416800 
1024, 160, 160, 3, 3, 1, 1, 64, 1, 16, 2, 2, 10, 1, 0.002080 
1024, 160, 160, 3, 3, 1, 1, 64, 1, 16, 2, 1, 10, 2, 0.002048 
1024, 160, 160, 3, 3, 1, 1, 64, 1, 32, 1, 1, 5, 1, 0.242688 
1024, 160, 160, 3, 3, 1, 1, 64, 1, 32, 1, 2, 5, 1, 0.334816 
1024, 160, 160, 3, 3, 1, 1, 64, 1, 32, 1, 4, 5, 1, 0.002048 
1024, 160, 160, 3, 3, 1, 1, 64, 1, 32, 1, 5, 5, 1, 0.002016 
1024, 160, 160, 3, 3, 1, 1, 64, 1, 32, 1, 1, 5, 2, 0.418816 
1024, 160, 160, 3, 3, 1, 1, 64, 1, 32, 1, 2, 5, 2, 0.003040 
1024, 160, 160, 3, 3, 1, 1, 64, 1, 32, 1, 1, 5, 4, 0.003072 
1024, 160, 160, 3, 3, 1, 2, 2, 1, 4, 8, 1, 20, 1, 0.604128 
1024, 160, 160, 3, 3, 1, 2, 2, 1, 8, 4, 1, 10, 1, 0.424928 
1024, 160, 160, 3, 3, 1, 2, 2, 1, 8, 4, 2, 10, 1, 0.535552 
1024, 160, 160, 3, 3, 1, 2, 2, 1, 8, 4, 1, 10, 2, 0.602112 
1024, 160, 160, 3, 3, 1, 2, 2, 1, 16, 2, 1, 5, 1, 0.447456 
1024, 160, 160, 3, 3, 1, 2, 2, 1, 16, 2, 2, 5, 1, 0.411680 
1024, 160, 160, 3, 3, 1, 2, 2, 1, 16, 2, 4, 5, 1, 0.488448 
1024, 160, 160, 3, 3, 1, 2, 2, 1, 16, 2, 5, 5, 1, 0.462816 
1024, 160, 160, 3, 3, 1, 2, 2, 1, 16, 2, 1, 5, 2, 0.424992 
1024, 160, 160, 3, 3, 1, 2, 2, 1, 16, 2, 2, 5, 2, 0.533504 
1024, 160, 160, 3, 3, 1, 2, 2, 1, 16, 2, 1, 5, 4, 0.603168 
1024, 160, 160, 3, 3, 1, 2, 4, 1, 4, 8, 1, 20, 1, 0.444384 
1024, 160, 160, 3, 3, 1, 2, 4, 1, 8, 4, 1, 10, 1, 0.367584 
1024, 160, 160, 3, 3, 1, 2, 4, 1, 8, 4, 2, 10, 1, 0.382976 
1024, 160, 160, 3, 3, 1, 2, 4, 1, 8, 4, 1, 10, 2, 0.446496 
1024, 160, 160, 3, 3, 1, 2, 4, 1, 16, 2, 1, 5, 1, 0.293888 
1024, 160, 160, 3, 3, 1, 2, 4, 1, 16, 2, 2, 5, 1, 0.325632 
1024, 160, 160, 3, 3, 1, 2, 4, 1, 16, 2, 4, 5, 1, 0.326656 
1024, 160, 160, 3, 3, 1, 2, 4, 1, 16, 2, 5, 5, 1, 0.326656 
1024, 160, 160, 3, 3, 1, 2, 4, 1, 16, 2, 1, 5, 2, 0.367584 
1024, 160, 160, 3, 3, 1, 2, 4, 1, 16, 2, 2, 5, 2, 0.384000 
1024, 160, 160, 3, 3, 1, 2, 4, 1, 16, 2, 1, 5, 4, 0.448512 
1024, 160, 160, 3, 3, 1, 2, 8, 1, 4, 8, 1, 20, 1, 0.457696 
1024, 160, 160, 3, 3, 1, 2, 8, 1, 8, 4, 1, 10, 1, 0.288768 
1024, 160, 160, 3, 3, 1, 2, 8, 1, 8, 4, 2, 10, 1, 0.308224 
1024, 160, 160, 3, 3, 1, 2, 8, 1, 8, 4, 1, 10, 2, 0.457728 
1024, 160, 160, 3, 3, 1, 2, 8, 1, 16, 2, 1, 5, 1, 0.220160 
1024, 160, 160, 3, 3, 1, 2, 8, 1, 16, 2, 2, 5, 1, 0.249856 
1024, 160, 160, 3, 3, 1, 2, 8, 1, 16, 2, 4, 5, 1, 0.259072 
1024, 160, 160, 3, 3, 1, 2, 8, 1, 16, 2, 5, 5, 1, 0.278528 
1024, 160, 160, 3, 3, 1, 2, 8, 1, 16, 2, 1, 5, 2, 0.287744 
1024, 160, 160, 3, 3, 1, 2, 8, 1, 16, 2, 2, 5, 2, 0.309280 
1024, 160, 160, 3, 3, 1, 2, 8, 1, 16, 2, 1, 5, 4, 0.455648 
1024, 160, 160, 3, 3, 1, 2, 16, 1, 4, 8, 1, 20, 1, 0.654336 
1024, 160, 160, 3, 3, 1, 2, 16, 1, 8, 4, 1, 10, 1, 0.349184 
1024, 160, 160, 3, 3, 1, 2, 16, 1, 8, 4, 2, 10, 1, 0.381952 
1024, 160, 160, 3, 3, 1, 2, 16, 1, 8, 4, 1, 10, 2, 0.654336 
1024, 160, 160, 3, 3, 1, 2, 16, 1, 16, 2, 1, 5, 1, 0.198624 
1024, 160, 160, 3, 3, 1, 2, 16, 1, 16, 2, 2, 5, 1, 0.215072 
1024, 160, 160, 3, 3, 1, 2, 16, 1, 16, 2, 4, 5, 1, 0.267264 
1024, 160, 160, 3, 3, 1, 2, 16, 1, 16, 2, 5, 5, 1, 0.002048 
1024, 160, 160, 3, 3, 1, 2, 16, 1, 16, 2, 1, 5, 2, 0.348160 
1024, 160, 160, 3, 3, 1, 2, 16, 1, 16, 2, 2, 5, 2, 0.380896 
1024, 160, 160, 3, 3, 1, 2, 16, 1, 16, 2, 1, 5, 4, 0.654336 
1024, 160, 160, 3, 3, 1, 2, 32, 1, 4, 8, 1, 20, 1, 0.003072 
1024, 160, 160, 3, 3, 1, 2, 32, 1, 8, 4, 1, 10, 1, 0.620512 
1024, 160, 160, 3, 3, 1, 2, 32, 1, 8, 4, 2, 10, 1, 0.002048 
1024, 160, 160, 3, 3, 1, 2, 32, 1, 8, 4, 1, 10, 2, 0.002080 
1024, 160, 160, 3, 3, 1, 2, 32, 1, 16, 2, 1, 5, 1, 0.232480 
1024, 160, 160, 3, 3, 1, 2, 32, 1, 16, 2, 2, 5, 1, 0.323584 
1024, 160, 160, 3, 3, 1, 2, 32, 1, 16, 2, 4, 5, 1, 0.002080 
1024, 160, 160, 3, 3, 1, 2, 32, 1, 16, 2, 5, 5, 1, 0.002080 
1024, 160, 160, 3, 3, 1, 2, 32, 1, 16, 2, 1, 5, 2, 0.620544 
1024, 160, 160, 3, 3, 1, 2, 32, 1, 16, 2, 2, 5, 2, 0.002048 
1024, 160, 160, 3, 3, 1, 2, 32, 1, 16, 2, 1, 5, 4, 0.002016 
1024, 160, 160, 3, 3, 1, 2, 64, 1, 8, 4, 1, 10, 1, 1.960928 
1024, 160, 160, 3, 3, 1, 2, 64, 1, 16, 2, 1, 5, 1, 1.888288 
1024, 160, 160, 3, 3, 1, 2, 64, 1, 16, 2, 2, 5, 1, 1.892384 
1024, 160, 160, 3, 3, 1, 2, 64, 1, 16, 2, 1, 5, 2, 1.944576 
1024, 160, 160, 3, 3, 1, 4, 2, 1, 2, 16, 1, 20, 1, 0.424960 
1024, 160, 160, 3, 3, 1, 4, 2, 1, 4, 8, 1, 10, 1, 0.306176 
1024, 160, 160, 3, 3, 1, 4, 2, 1, 4, 8, 2, 10, 1, 0.384032 
1024, 160, 160, 3, 3, 1, 4, 2, 1, 4, 8, 1, 10, 2, 0.425952 
1024, 160, 160, 3, 3, 1, 4, 2, 1, 8, 4, 1, 5, 1, 0.287744 
1024, 160, 160, 3, 3, 1, 4, 2, 1, 8, 4, 2, 5, 1, 0.280576 
1024, 160, 160, 3, 3, 1, 4, 2, 1, 8, 4, 4, 5, 1, 0.339936 
1024, 160, 160, 3, 3, 1, 4, 2, 1, 8, 4, 5, 5, 1, 0.335840 
1024, 160, 160, 3, 3, 1, 4, 2, 1, 8, 4, 1, 5, 2, 0.306176 
1024, 160, 160, 3, 3, 1, 4, 2, 1, 8, 4, 2, 5, 2, 0.384992 
1024, 160, 160, 3, 3, 1, 4, 2, 1, 8, 4, 1, 5, 4, 0.423936 
1024, 160, 160, 3, 3, 1, 4, 4, 1, 2, 16, 1, 20, 1, 0.346080 
1024, 160, 160, 3, 3, 1, 4, 4, 1, 4, 8, 1, 10, 1, 0.296960 
1024, 160, 160, 3, 3, 1, 4, 4, 1, 4, 8, 2, 10, 1, 0.310272 
1024, 160, 160, 3, 3, 1, 4, 4, 1, 4, 8, 1, 10, 2, 0.347104 
1024, 160, 160, 3, 3, 1, 4, 4, 1, 8, 4, 1, 5, 1, 0.230400 
1024, 160, 160, 3, 3, 1, 4, 4, 1, 8, 4, 2, 5, 1, 0.259040 
1024, 160, 160, 3, 3, 1, 4, 4, 1, 8, 4, 4, 5, 1, 0.268320 
1024, 160, 160, 3, 3, 1, 4, 4, 1, 8, 4, 5, 5, 1, 0.294912 
1024, 160, 160, 3, 3, 1, 4, 4, 1, 8, 4, 1, 5, 2, 0.296928 
1024, 160, 160, 3, 3, 1, 4, 4, 1, 8, 4, 2, 5, 2, 0.312320 
1024, 160, 160, 3, 3, 1, 4, 4, 1, 8, 4, 1, 5, 4, 0.347104 
1024, 160, 160, 3, 3, 1, 4, 8, 1, 2, 16, 1, 20, 1, 0.330752 
1024, 160, 160, 3, 3, 1, 4, 8, 1, 4, 8, 1, 10, 1, 0.282624 
1024, 160, 160, 3, 3, 1, 4, 8, 1, 4, 8, 2, 10, 1, 0.296992 
1024, 160, 160, 3, 3, 1, 4, 8, 1, 4, 8, 1, 10, 2, 0.330752 
1024, 160, 160, 3, 3, 1, 4, 8, 1, 8, 4, 1, 5, 1, 0.205792 
1024, 160, 160, 3, 3, 1, 4, 8, 1, 8, 4, 2, 5, 1, 0.225280 
1024, 160, 160, 3, 3, 1, 4, 8, 1, 8, 4, 4, 5, 1, 0.271328 
1024, 160, 160, 3, 3, 1, 4, 8, 1, 8, 4, 5, 5, 1, 0.002048 
1024, 160, 160, 3, 3, 1, 4, 8, 1, 8, 4, 1, 5, 2, 0.280544 
1024, 160, 160, 3, 3, 1, 4, 8, 1, 8, 4, 2, 5, 2, 0.295904 
1024, 160, 160, 3, 3, 1, 4, 8, 1, 8, 4, 1, 5, 4, 0.330752 
1024, 160, 160, 3, 3, 1, 4, 16, 1, 2, 16, 1, 20, 1, 0.003104 
1024, 160, 160, 3, 3, 1, 4, 16, 1, 4, 8, 1, 10, 1, 0.422912 
1024, 160, 160, 3, 3, 1, 4, 16, 1, 4, 8, 2, 10, 1, 0.003040 
1024, 160, 160, 3, 3, 1, 4, 16, 1, 4, 8, 1, 10, 2, 0.002048 
1024, 160, 160, 3, 3, 1, 4, 16, 1, 8, 4, 1, 5, 1, 0.237568 
1024, 160, 160, 3, 3, 1, 4, 16, 1, 8, 4, 2, 5, 1, 0.322560 
1024, 160, 160, 3, 3, 1, 4, 16, 1, 8, 4, 4, 5, 1, 0.002048 
1024, 160, 160, 3, 3, 1, 4, 16, 1, 8, 4, 5, 5, 1, 0.002080 
1024, 160, 160, 3, 3, 1, 4, 16, 1, 8, 4, 1, 5, 2, 0.423936 
1024, 160, 160, 3, 3, 1, 4, 16, 1, 8, 4, 2, 5, 2, 0.002048 
1024, 160, 160, 3, 3, 1, 4, 16, 1, 8, 4, 1, 5, 4, 0.002048 
1024, 160, 160, 3, 3, 1, 4, 32, 1, 4, 8, 1, 10, 1, 1.727488 
1024, 160, 160, 3, 3, 1, 4, 32, 1, 8, 4, 1, 5, 1, 1.704960 
1024, 160, 160, 3, 3, 1, 4, 32, 1, 8, 4, 2, 5, 1, 1.733632 
1024, 160, 160, 3, 3, 1, 4, 32, 1, 8, 4, 1, 5, 2, 1.735712 
1024, 160, 160, 3, 3, 1, 5, 2, 1, 1, 32, 1, 32, 1, 0.608256 
1024, 160, 160, 3, 3, 1, 5, 2, 1, 2, 16, 1, 16, 1, 0.388064 
1024, 160, 160, 3, 3, 1, 5, 2, 1, 2, 16, 2, 16, 1, 0.418784 
1024, 160, 160, 3, 3, 1, 5, 2, 1, 2, 16, 1, 16, 2, 0.607232 
1024, 160, 160, 3, 3, 1, 5, 2, 1, 4, 8, 1, 8, 1, 0.290816 
1024, 160, 160, 3, 3, 1, 5, 2, 1, 4, 8, 2, 8, 1, 0.299008 
1024, 160, 160, 3, 3, 1, 5, 2, 1, 4, 8, 4, 8, 1, 0.330752 
1024, 160, 160, 3, 3, 1, 5, 2, 1, 4, 8, 1, 8, 2, 0.386048 
1024, 160, 160, 3, 3, 1, 5, 2, 1, 4, 8, 2, 8, 2, 0.417792 
1024, 160, 160, 3, 3, 1, 5, 2, 1, 4, 8, 1, 8, 4, 0.607232 
1024, 160, 160, 3, 3, 1, 5, 2, 1, 8, 4, 1, 4, 1, 0.266240 
1024, 160, 160, 3, 3, 1, 5, 2, 1, 8, 4, 2, 4, 1, 0.259072 
1024, 160, 160, 3, 3, 1, 5, 2, 1, 8, 4, 4, 4, 1, 0.273408 
1024, 160, 160, 3, 3, 1, 5, 2, 1, 8, 4, 5, 4, 1, 0.334784 
1024, 160, 160, 3, 3, 1, 5, 2, 1, 8, 4, 8, 4, 1, 0.319488 
1024, 160, 160, 3, 3, 1, 5, 2, 1, 8, 4, 1, 4, 2, 0.289760 
1024, 160, 160, 3, 3, 1, 5, 2, 1, 8, 4, 2, 4, 2, 0.298944 
1024, 160, 160, 3, 3, 1, 5, 2, 1, 8, 4, 4, 4, 2, 0.328704 
1024, 160, 160, 3, 3, 1, 5, 2, 1, 8, 4, 1, 4, 4, 0.387040 
1024, 160, 160, 3, 3, 1, 5, 2, 1, 8, 4, 2, 4, 4, 0.417792 
1024, 160, 160, 3, 3, 1, 5, 2, 1, 8, 4, 1, 4, 8, 0.606240 
1024, 160, 160, 3, 3, 1, 5, 2, 1, 16, 2, 1, 2, 1, 0.264192 
1024, 160, 160, 3, 3, 1, 5, 2, 1, 16, 2, 2, 2, 1, 0.261120 
1024, 160, 160, 3, 3, 1, 5, 2, 1, 16, 2, 4, 2, 1, 0.241632 
1024, 160, 160, 3, 3, 1, 5, 2, 1, 16, 2, 5, 2, 1, 0.253952 
1024, 160, 160, 3, 3, 1, 5, 2, 1, 16, 2, 8, 2, 1, 0.258048 
1024, 160, 160, 3, 3, 1, 5, 2, 1, 16, 2, 10, 2, 1, 0.347168 
1024, 160, 160, 3, 3, 1, 5, 2, 1, 16, 2, 16, 2, 1, 0.314368 
1024, 160, 160, 3, 3, 1, 5, 2, 1, 16, 2, 1, 2, 2, 0.266240 
1024, 160, 160, 3, 3, 1, 5, 2, 1, 16, 2, 2, 2, 2, 0.258048 
1024, 160, 160, 3, 3, 1, 5, 2, 1, 16, 2, 4, 2, 2, 0.273408 
1024, 160, 160, 3, 3, 1, 5, 2, 1, 16, 2, 5, 2, 2, 0.334848 
1024, 160, 160, 3, 3, 1, 5, 2, 1, 16, 2, 8, 2, 2, 0.320480 
1024, 160, 160, 3, 3, 1, 5, 2, 1, 16, 2, 1, 2, 4, 0.289792 
1024, 160, 160, 3, 3, 1, 5, 2, 1, 16, 2, 2, 2, 4, 0.297952 
1024, 160, 160, 3, 3, 1, 5, 2, 1, 16, 2, 4, 2, 4, 0.330752 
1024, 160, 160, 3, 3, 1, 5, 2, 1, 16, 2, 1, 2, 8, 0.386048 
1024, 160, 160, 3, 3, 1, 5, 2, 1, 16, 2, 2, 2, 8, 0.417824 
1024, 160, 160, 3, 3, 1, 5, 2, 1, 16, 2, 1, 2, 16, 0.607200 
1024, 160, 160, 3, 3, 1, 5, 2, 1, 32, 1, 1, 1, 1, 0.385024 
1024, 160, 160, 3, 3, 1, 5, 2, 1, 32, 1, 2, 1, 1, 0.283648 
1024, 160, 160, 3, 3, 1, 5, 2, 1, 32, 1, 4, 1, 1, 0.263168 
1024, 160, 160, 3, 3, 1, 5, 2, 1, 32, 1, 5, 1, 1, 0.277536 
1024, 160, 160, 3, 3, 1, 5, 2, 1, 32, 1, 8, 1, 1, 0.258048 
1024, 160, 160, 3, 3, 1, 5, 2, 1, 32, 1, 10, 1, 1, 0.274400 
1024, 160, 160, 3, 3, 1, 5, 2, 1, 32, 1, 16, 1, 1, 0.271392 
1024, 160, 160, 3, 3, 1, 5, 2, 1, 32, 1, 20, 1, 1, 0.360416 
1024, 160, 160, 3, 3, 1, 5, 2, 1, 32, 1, 1, 1, 2, 0.264192 
1024, 160, 160, 3, 3, 1, 5, 2, 1, 32, 1, 2, 1, 2, 0.261120 
1024, 160, 160, 3, 3, 1, 5, 2, 1, 32, 1, 4, 1, 2, 0.240608 
1024, 160, 160, 3, 3, 1, 5, 2, 1, 32, 1, 5, 1, 2, 0.251936 
1024, 160, 160, 3, 3, 1, 5, 2, 1, 32, 1, 8, 1, 2, 0.257024 
1024, 160, 160, 3, 3, 1, 5, 2, 1, 32, 1, 10, 1, 2, 0.344064 
1024, 160, 160, 3, 3, 1, 5, 2, 1, 32, 1, 16, 1, 2, 0.314336 
1024, 160, 160, 3, 3, 1, 5, 2, 1, 32, 1, 1, 1, 4, 0.265248 
1024, 160, 160, 3, 3, 1, 5, 2, 1, 32, 1, 2, 1, 4, 0.258048 
1024, 160, 160, 3, 3, 1, 5, 2, 1, 32, 1, 4, 1, 4, 0.272384 
1024, 160, 160, 3, 3, 1, 5, 2, 1, 32, 1, 5, 1, 4, 0.334880 
1024, 160, 160, 3, 3, 1, 5, 2, 1, 32, 1, 8, 1, 4, 0.324608 
1024, 160, 160, 3, 3, 1, 5, 2, 1, 32, 1, 1, 1, 8, 0.290784 
1024, 160, 160, 3, 3, 1, 5, 2, 1, 32, 1, 2, 1, 8, 0.296992 
1024, 160, 160, 3, 3, 1, 5, 2, 1, 32, 1, 4, 1, 8, 0.331776 
1024, 160, 160, 3, 3, 1, 5, 2, 1, 32, 1, 1, 1, 16, 0.385024 
1024, 160, 160, 3, 3, 1, 5, 2, 1, 32, 1, 2, 1, 16, 0.418816 
1024, 160, 160, 3, 3, 1, 5, 2, 1, 32, 1, 1, 1, 32, 0.609248 
1024, 160, 160, 3, 3, 1, 5, 4, 1, 1, 32, 1, 32, 1, 0.003040 
1024, 160, 160, 3, 3, 1, 5, 4, 1, 2, 16, 1, 16, 1, 0.400416 
1024, 160, 160, 3, 3, 1, 5, 4, 1, 2, 16, 2, 16, 1, 0.002048 
1024, 160, 160, 3, 3, 1, 5, 4, 1, 2, 16, 1, 16, 2, 0.002048 
1024, 160, 160, 3, 3, 1, 5, 4, 1, 4, 8, 1, 8, 1, 0.249856 
1024, 160, 160, 3, 3, 1, 5, 4, 1, 4, 8, 2, 8, 1, 0.312320 
1024, 160, 160, 3, 3, 1, 5, 4, 1, 4, 8, 4, 8, 1, 0.003072 
1024, 160, 160, 3, 3, 1, 5, 4, 1, 4, 8, 1, 8, 2, 0.401376 
1024, 160, 160, 3, 3, 1, 5, 4, 1, 4, 8, 2, 8, 2, 0.002048 
1024, 160, 160, 3, 3, 1, 5, 4, 1, 4, 8, 1, 8, 4, 0.002080 
1024, 160, 160, 3, 3, 1, 5, 4, 1, 8, 4, 1, 4, 1, 0.204832 
1024, 160, 160, 3, 3, 1, 5, 4, 1, 8, 4, 2, 4, 1, 0.226272 
1024, 160, 160, 3, 3, 1, 5, 4, 1, 8, 4, 4, 4, 1, 0.287744 
1024, 160, 160, 3, 3, 1, 5, 4, 1, 8, 4, 5, 4, 1, 0.281568 
1024, 160, 160, 3, 3, 1, 5, 4, 1, 8, 4, 8, 4, 1, 0.002048 
1024, 160, 160, 3, 3, 1, 5, 4, 1, 8, 4, 1, 4, 2, 0.249856 
1024, 160, 160, 3, 3, 1, 5, 4, 1, 8, 4, 2, 4, 2, 0.313312 
1024, 160, 160, 3, 3, 1, 5, 4, 1, 8, 4, 4, 4, 2, 0.003040 
1024, 160, 160, 3, 3, 1, 5, 4, 1, 8, 4, 1, 4, 4, 0.399392 
1024, 160, 160, 3, 3, 1, 5, 4, 1, 8, 4, 2, 4, 4, 0.002048 
1024, 160, 160, 3, 3, 1, 5, 4, 1, 8, 4, 1, 4, 8, 0.003040 
1024, 160, 160, 3, 3, 1, 5, 4, 1, 16, 2, 1, 2, 1, 0.199680 
1024, 160, 160, 3, 3, 1, 5, 4, 1, 16, 2, 2, 2, 1, 0.193536 
1024, 160, 160, 3, 3, 1, 5, 4, 1, 16, 2, 4, 2, 1, 0.206848 
1024, 160, 160, 3, 3, 1, 5, 4, 1, 16, 2, 5, 2, 1, 0.235520 
1024, 160, 160, 3, 3, 1, 5, 4, 1, 16, 2, 8, 2, 1, 0.291872 
1024, 160, 160, 3, 3, 1, 5, 4, 1, 16, 2, 10, 2, 1, 0.284640 
1024, 160, 160, 3, 3, 1, 5, 4, 1, 16, 2, 16, 2, 1, 0.002080 
1024, 160, 160, 3, 3, 1, 5, 4, 1, 16, 2, 1, 2, 2, 0.204800 
1024, 160, 160, 3, 3, 1, 5, 4, 1, 16, 2, 2, 2, 2, 0.225312 
1024, 160, 160, 3, 3, 1, 5, 4, 1, 16, 2, 4, 2, 2, 0.287744 
1024, 160, 160, 3, 3, 1, 5, 4, 1, 16, 2, 5, 2, 2, 0.293888 
1024, 160, 160, 3, 3, 1, 5, 4, 1, 16, 2, 8, 2, 2, 0.003104 
1024, 160, 160, 3, 3, 1, 5, 4, 1, 16, 2, 1, 2, 4, 0.250880 
1024, 160, 160, 3, 3, 1, 5, 4, 1, 16, 2, 2, 2, 4, 0.314336 
1024, 160, 160, 3, 3, 1, 5, 4, 1, 16, 2, 4, 2, 4, 0.003072 
1024, 160, 160, 3, 3, 1, 5, 4, 1, 16, 2, 1, 2, 8, 0.402464 
1024, 160, 160, 3, 3, 1, 5, 4, 1, 16, 2, 2, 2, 8, 0.003104 
1024, 160, 160, 3, 3, 1, 5, 4, 1, 16, 2, 1, 2, 16, 0.002048 
1024, 160, 160, 3, 3, 1, 5, 4, 1, 32, 1, 1, 1, 1, 0.261120 
1024, 160, 160, 3, 3, 1, 5, 4, 1, 32, 1, 2, 1, 1, 0.203776 
1024, 160, 160, 3, 3, 1, 5, 4, 1, 32, 1, 4, 1, 1, 0.197600 
1024, 160, 160, 3, 3, 1, 5, 4, 1, 32, 1, 5, 1, 1, 0.208928 
1024, 160, 160, 3, 3, 1, 5, 4, 1, 32, 1, 8, 1, 1, 0.215040 
1024, 160, 160, 3, 3, 1, 5, 4, 1, 32, 1, 10, 1, 1, 0.246752 
1024, 160, 160, 3, 3, 1, 5, 4, 1, 32, 1, 16, 1, 1, 0.301056 
1024, 160, 160, 3, 3, 1, 5, 4, 1, 32, 1, 20, 1, 1, 0.279584 
1024, 160, 160, 3, 3, 1, 5, 4, 1, 32, 1, 1, 1, 2, 0.202720 
1024, 160, 160, 3, 3, 1, 5, 4, 1, 32, 1, 2, 1, 2, 0.194528 
1024, 160, 160, 3, 3, 1, 5, 4, 1, 32, 1, 4, 1, 2, 0.207872 
1024, 160, 160, 3, 3, 1, 5, 4, 1, 32, 1, 5, 1, 2, 0.236512 
1024, 160, 160, 3, 3, 1, 5, 4, 1, 32, 1, 8, 1, 2, 0.296960 
1024, 160, 160, 3, 3, 1, 5, 4, 1, 32, 1, 10, 1, 2, 0.289760 
1024, 160, 160, 3, 3, 1, 5, 4, 1, 32, 1, 16, 1, 2, 0.002080 
1024, 160, 160, 3, 3, 1, 5, 4, 1, 32, 1, 1, 1, 4, 0.204768 
1024, 160, 160, 3, 3, 1, 5, 4, 1, 32, 1, 2, 1, 4, 0.225280 
1024, 160, 160, 3, 3, 1, 5, 4, 1, 32, 1, 4, 1, 4, 0.285696 
1024, 160, 160, 3, 3, 1, 5, 4, 1, 32, 1, 5, 1, 4, 0.286720 
1024, 160, 160, 3, 3, 1, 5, 4, 1, 32, 1, 8, 1, 4, 0.002016 
1024, 160, 160, 3, 3, 1, 5, 4, 1, 32, 1, 1, 1, 8, 0.249824 
1024, 160, 160, 3, 3, 1, 5, 4, 1, 32, 1, 2, 1, 8, 0.313344 
1024, 160, 160, 3, 3, 1, 5, 4, 1, 32, 1, 4, 1, 8, 0.003072 
1024, 160, 160, 3, 3, 1, 5, 4, 1, 32, 1, 1, 1, 16, 0.400384 
1024, 160, 160, 3, 3, 1, 5, 4, 1, 32, 1, 2, 1, 16, 0.002048 
1024, 160, 160, 3, 3, 1, 5, 4, 1, 32, 1, 1, 1, 32, 0.002080 
1024, 160, 160, 3, 3, 1, 5, 8, 1, 1, 32, 1, 32, 1, 0.002048 
1024, 160, 160, 3, 3, 1, 5, 8, 1, 2, 16, 1, 16, 1, 0.370688 
1024, 160, 160, 3, 3, 1, 5, 8, 1, 2, 16, 2, 16, 1, 0.003104 
1024, 160, 160, 3, 3, 1, 5, 8, 1, 2, 16, 1, 16, 2, 0.003104 
1024, 160, 160, 3, 3, 1, 5, 8, 1, 4, 8, 1, 8, 1, 0.271392 
1024, 160, 160, 3, 3, 1, 5, 8, 1, 4, 8, 2, 8, 1, 0.288768 
1024, 160, 160, 3, 3, 1, 5, 8, 1, 4, 8, 4, 8, 1, 0.002048 
1024, 160, 160, 3, 3, 1, 5, 8, 1, 4, 8, 1, 8, 2, 0.372704 
1024, 160, 160, 3, 3, 1, 5, 8, 1, 4, 8, 2, 8, 2, 0.002016 
1024, 160, 160, 3, 3, 1, 5, 8, 1, 4, 8, 1, 8, 4, 0.003040 
1024, 160, 160, 3, 3, 1, 5, 8, 1, 8, 4, 1, 4, 1, 0.183296 
1024, 160, 160, 3, 3, 1, 5, 8, 1, 8, 4, 2, 4, 1, 0.227328 
1024, 160, 160, 3, 3, 1, 5, 8, 1, 8, 4, 4, 4, 1, 0.276480 
1024, 160, 160, 3, 3, 1, 5, 8, 1, 8, 4, 5, 4, 1, 0.278560 
1024, 160, 160, 3, 3, 1, 5, 8, 1, 8, 4, 8, 4, 1, 0.002048 
1024, 160, 160, 3, 3, 1, 5, 8, 1, 8, 4, 1, 4, 2, 0.275456 
1024, 160, 160, 3, 3, 1, 5, 8, 1, 8, 4, 2, 4, 2, 0.288768 
1024, 160, 160, 3, 3, 1, 5, 8, 1, 8, 4, 4, 4, 2, 0.003072 
1024, 160, 160, 3, 3, 1, 5, 8, 1, 8, 4, 1, 4, 4, 0.372736 
1024, 160, 160, 3, 3, 1, 5, 8, 1, 8, 4, 2, 4, 4, 0.002048 
1024, 160, 160, 3, 3, 1, 5, 8, 1, 8, 4, 1, 4, 8, 0.003040 
1024, 160, 160, 3, 3, 1, 5, 8, 1, 16, 2, 1, 2, 1, 0.181280 
1024, 160, 160, 3, 3, 1, 5, 8, 1, 16, 2, 2, 2, 1, 0.181280 
1024, 160, 160, 3, 3, 1, 5, 8, 1, 16, 2, 4, 2, 1, 0.208896 
1024, 160, 160, 3, 3, 1, 5, 8, 1, 16, 2, 5, 2, 1, 0.216064 
1024, 160, 160, 3, 3, 1, 5, 8, 1, 16, 2, 8, 2, 1, 0.277504 
1024, 160, 160, 3, 3, 1, 5, 8, 1, 16, 2, 10, 2, 1, 0.278528 
1024, 160, 160, 3, 3, 1, 5, 8, 1, 16, 2, 16, 2, 1, 0.003072 
1024, 160, 160, 3, 3, 1, 5, 8, 1, 16, 2, 1, 2, 2, 0.183296 
1024, 160, 160, 3, 3, 1, 5, 8, 1, 16, 2, 2, 2, 2, 0.231424 
1024, 160, 160, 3, 3, 1, 5, 8, 1, 16, 2, 4, 2, 2, 0.286752 
1024, 160, 160, 3, 3, 1, 5, 8, 1, 16, 2, 5, 2, 2, 0.274400 
1024, 160, 160, 3, 3, 1, 5, 8, 1, 16, 2, 8, 2, 2, 0.002048 
1024, 160, 160, 3, 3, 1, 5, 8, 1, 16, 2, 1, 2, 4, 0.269312 
1024, 160, 160, 3, 3, 1, 5, 8, 1, 16, 2, 2, 2, 4, 0.289792 
1024, 160, 160, 3, 3, 1, 5, 8, 1, 16, 2, 4, 2, 4, 0.002080 
1024, 160, 160, 3, 3, 1, 5, 8, 1, 16, 2, 1, 2, 8, 0.372736 
1024, 160, 160, 3, 3, 1, 5, 8, 1, 16, 2, 2, 2, 8, 0.003072 
1024, 160, 160, 3, 3, 1, 5, 8, 1, 16, 2, 1, 2, 16, 0.002048 
1024, 160, 160, 3, 3, 1, 5, 8, 1, 32, 1, 1, 1, 1, 0.203808 
1024, 160, 160, 3, 3, 1, 5, 8, 1, 32, 1, 2, 1, 1, 0.183264 
1024, 160, 160, 3, 3, 1, 5, 8, 1, 32, 1, 4, 1, 1, 0.182272 
1024, 160, 160, 3, 3, 1, 5, 8, 1, 32, 1, 5, 1, 1, 0.195616 
1024, 160, 160, 3, 3, 1, 5, 8, 1, 32, 1, 8, 1, 1, 0.222208 
1024, 160, 160, 3, 3, 1, 5, 8, 1, 32, 1, 10, 1, 1, 0.222176 
1024, 160, 160, 3, 3, 1, 5, 8, 1, 32, 1, 16, 1, 1, 0.277504 
1024, 160, 160, 3, 3, 1, 5, 8, 1, 32, 1, 20, 1, 1, 0.284640 
1024, 160, 160, 3, 3, 1, 5, 8, 1, 32, 1, 1, 1, 2, 0.181248 
1024, 160, 160, 3, 3, 1, 5, 8, 1, 32, 1, 2, 1, 2, 0.181248 
1024, 160, 160, 3, 3, 1, 5, 8, 1, 32, 1, 4, 1, 2, 0.209920 
1024, 160, 160, 3, 3, 1, 5, 8, 1, 32, 1, 5, 1, 2, 0.217088 
1024, 160, 160, 3, 3, 1, 5, 8, 1, 32, 1, 8, 1, 2, 0.279584 
1024, 160, 160, 3, 3, 1, 5, 8, 1, 32, 1, 10, 1, 2, 0.278528 
1024, 160, 160, 3, 3, 1, 5, 8, 1, 32, 1, 16, 1, 2, 0.002048 
1024, 160, 160, 3, 3, 1, 5, 8, 1, 32, 1, 1, 1, 4, 0.183328 
1024, 160, 160, 3, 3, 1, 5, 8, 1, 32, 1, 2, 1, 4, 0.229408 
1024, 160, 160, 3, 3, 1, 5, 8, 1, 32, 1, 4, 1, 4, 0.282656 
1024, 160, 160, 3, 3, 1, 5, 8, 1, 32, 1, 5, 1, 4, 0.276480 
1024, 160, 160, 3, 3, 1, 5, 8, 1, 32, 1, 8, 1, 4, 0.002016 
1024, 160, 160, 3, 3, 1, 5, 8, 1, 32, 1, 1, 1, 8, 0.270304 
1024, 160, 160, 3, 3, 1, 5, 8, 1, 32, 1, 2, 1, 8, 0.288768 
1024, 160, 160, 3, 3, 1, 5, 8, 1, 32, 1, 4, 1, 8, 0.003040 
1024, 160, 160, 3, 3, 1, 5, 8, 1, 32, 1, 1, 1, 16, 0.373728 
1024, 160, 160, 3, 3, 1, 5, 8, 1, 32, 1, 2, 1, 16, 0.002048 
1024, 160, 160, 3, 3, 1, 5, 8, 1, 32, 1, 1, 1, 32, 0.003104 
1024, 160, 160, 3, 3, 1, 5, 16, 1, 2, 16, 1, 16, 1, 0.723936 
1024, 160, 160, 3, 3, 1, 5, 16, 1, 4, 8, 1, 8, 1, 0.327680 
1024, 160, 160, 3, 3, 1, 5, 16, 1, 4, 8, 2, 8, 1, 0.338944 
1024, 160, 160, 3, 3, 1, 5, 16, 1, 4, 8, 1, 8, 2, 0.723968 
1024, 160, 160, 3, 3, 1, 5, 16, 1, 8, 4, 1, 4, 1, 0.211968 
1024, 160, 160, 3, 3, 1, 5, 16, 1, 8, 4, 2, 4, 1, 0.226336 
1024, 160, 160, 3, 3, 1, 5, 16, 1, 8, 4, 4, 4, 1, 0.265216 
1024, 160, 160, 3, 3, 1, 5, 16, 1, 8, 4, 5, 4, 1, 0.002048 
1024, 160, 160, 3, 3, 1, 5, 16, 1, 8, 4, 1, 4, 2, 0.343040 
1024, 160, 160, 3, 3, 1, 5, 16, 1, 8, 4, 2, 4, 2, 0.336896 
1024, 160, 160, 3, 3, 1, 5, 16, 1, 8, 4, 1, 4, 4, 0.715776 
1024, 160, 160, 3, 3, 1, 5, 16, 1, 16, 2, 1, 2, 1, 0.191424 
1024, 160, 160, 3, 3, 1, 5, 16, 1, 16, 2, 2, 2, 1, 0.176160 
1024, 160, 160, 3, 3, 1, 5, 16, 1, 16, 2, 4, 2, 1, 0.200704 
1024, 160, 160, 3, 3, 1, 5, 16, 1, 16, 2, 5, 2, 1, 0.311264 
1024, 160, 160, 3, 3, 1, 5, 16, 1, 16, 2, 8, 2, 1, 0.260096 
1024, 160, 160, 3, 3, 1, 5, 16, 1, 16, 2, 10, 2, 1, 0.002048 
1024, 160, 160, 3, 3, 1, 5, 16, 1, 16, 2, 1, 2, 2, 0.213024 
1024, 160, 160, 3, 3, 1, 5, 16, 1, 16, 2, 2, 2, 2, 0.225280 
1024, 160, 160, 3, 3, 1, 5, 16, 1, 16, 2, 4, 2, 2, 0.264192 
1024, 160, 160, 3, 3, 1, 5, 16, 1, 16, 2, 5, 2, 2, 0.003072 
1024, 160, 160, 3, 3, 1, 5, 16, 1, 16, 2, 1, 2, 4, 0.326656 
1024, 160, 160, 3, 3, 1, 5, 16, 1, 16, 2, 2, 2, 4, 0.337920 
1024, 160, 160, 3, 3, 1, 5, 16, 1, 16, 2, 1, 2, 8, 0.722912 
1024, 160, 160, 3, 3, 1, 5, 16, 1, 32, 1, 1, 1, 1, 0.204800 
1024, 160, 160, 3, 3, 1, 5, 16, 1, 32, 1, 2, 1, 1, 0.191488 
1024, 160, 160, 3, 3, 1, 5, 16, 1, 32, 1, 4, 1, 1, 0.179232 
1024, 160, 160, 3, 3, 1, 5, 16, 1, 32, 1, 5, 1, 1, 0.218112 
1024, 160, 160, 3, 3, 1, 5, 16, 1, 32, 1, 8, 1, 1, 0.214016 
1024, 160, 160, 3, 3, 1, 5, 16, 1, 32, 1, 10, 1, 1, 0.318496 
1024, 160, 160, 3, 3, 1, 5, 16, 1, 32, 1, 16, 1, 1, 0.271360 
1024, 160, 160, 3, 3, 1, 5, 16, 1, 32, 1, 20, 1, 1, 0.002016 
1024, 160, 160, 3, 3, 1, 5, 16, 1, 32, 1, 1, 1, 2, 0.190496 
1024, 160, 160, 3, 3, 1, 5, 16, 1, 32, 1, 2, 1, 2, 0.175104 
1024, 160, 160, 3, 3, 1, 5, 16, 1, 32, 1, 4, 1, 2, 0.204800 
1024, 160, 160, 3, 3, 1, 5, 16, 1, 32, 1, 5, 1, 2, 0.312320 
1024, 160, 160, 3, 3, 1, 5, 16, 1, 32, 1, 8, 1, 2, 0.260096 
1024, 160, 160, 3, 3, 1, 5, 16, 1, 32, 1, 10, 1, 2, 0.002016 
1024, 160, 160, 3, 3, 1, 5, 16, 1, 32, 1, 1, 1, 4, 0.211936 
1024, 160, 160, 3, 3, 1, 5, 16, 1, 32, 1, 2, 1, 4, 0.229408 
1024, 160, 160, 3, 3, 1, 5, 16, 1, 32, 1, 4, 1, 4, 0.269312 
1024, 160, 160, 3, 3, 1, 5, 16, 1, 32, 1, 5, 1, 4, 0.003040 
1024, 160, 160, 3, 3, 1, 5, 16, 1, 32, 1, 1, 1, 8, 0.325600 
1024, 160, 160, 3, 3, 1, 5, 16, 1, 32, 1, 2, 1, 8, 0.338976 
1024, 160, 160, 3, 3, 1, 5, 16, 1, 32, 1, 1, 1, 16, 0.722944 
1024, 160, 160, 3, 3, 1, 5, 32, 1, 4, 8, 1, 8, 1, 3.064832 
1024, 160, 160, 3, 3, 1, 5, 32, 1, 8, 4, 1, 4, 1, 3.170272 
1024, 160, 160, 3, 3, 1, 5, 32, 1, 8, 4, 2, 4, 1, 3.158016 
1024, 160, 160, 3, 3, 1, 5, 32, 1, 8, 4, 1, 4, 2, 3.073056 
1024, 160, 160, 3, 3, 1, 5, 32, 1, 16, 2, 1, 2, 1, 2.928640 
1024, 160, 160, 3, 3, 1, 5, 32, 1, 16, 2, 2, 2, 1, 2.945056 
1024, 160, 160, 3, 3, 1, 5, 32, 1, 16, 2, 4, 2, 1, 2.988032 
1024, 160, 160, 3, 3, 1, 5, 32, 1, 16, 2, 5, 2, 1, 1.400800 
1024, 160, 160, 3, 3, 1, 5, 32, 1, 16, 2, 1, 2, 2, 3.151840 
1024, 160, 160, 3, 3, 1, 5, 32, 1, 16, 2, 2, 2, 2, 3.163168 
1024, 160, 160, 3, 3, 1, 5, 32, 1, 16, 2, 1, 2, 4, 3.049472 
1024, 160, 160, 3, 3, 1, 5, 32, 1, 32, 1, 1, 1, 1, 2.783200 
1024, 160, 160, 3, 3, 1, 5, 32, 1, 32, 1, 2, 1, 1, 2.792416 
1024, 160, 160, 3, 3, 1, 5, 32, 1, 32, 1, 4, 1, 1, 2.875360 
1024, 160, 160, 3, 3, 1, 5, 32, 1, 32, 1, 5, 1, 1, 2.559008 
1024, 160, 160, 3, 3, 1, 5, 32, 1, 32, 1, 8, 1, 1, 2.898944 
1024, 160, 160, 3, 3, 1, 5, 32, 1, 32, 1, 10, 1, 1, 1.403936 
1024, 160, 160, 3, 3, 1, 5, 32, 1, 32, 1, 1, 1, 2, 2.925568 
1024, 160, 160, 3, 3, 1, 5, 32, 1, 32, 1, 2, 1, 2, 2.950144 
1024, 160, 160, 3, 3, 1, 5, 32, 1, 32, 1, 4, 1, 2, 2.983936 
1024, 160, 160, 3, 3, 1, 5, 32, 1, 32, 1, 5, 1, 2, 1.410048 
1024, 160, 160, 3, 3, 1, 5, 32, 1, 32, 1, 1, 1, 4, 3.169280 
1024, 160, 160, 3, 3, 1, 5, 32, 1, 32, 1, 2, 1, 4, 3.149792 
1024, 160, 160, 3, 3, 1, 5, 32, 1, 32, 1, 1, 1, 8, 3.074048 
1024, 160, 160, 3, 3, 1, 8, 2, 1, 1, 32, 1, 20, 1, 0.350208 
1024, 160, 160, 3, 3, 1, 8, 2, 1, 2, 16, 1, 10, 1, 0.299008 
1024, 160, 160, 3, 3, 1, 8, 2, 1, 2, 16, 2, 10, 1, 0.315392 
1024, 160, 160, 3, 3, 1, 8, 2, 1, 2, 16, 1, 10, 2, 0.348160 
1024, 160, 160, 3, 3, 1, 8, 2, 1, 4, 8, 1, 5, 1, 0.250848 
1024, 160, 160, 3, 3, 1, 8, 2, 1, 4, 8, 2, 5, 1, 0.288768 
1024, 160, 160, 3, 3, 1, 8, 2, 1, 4, 8, 4, 5, 1, 0.304128 
1024, 160, 160, 3, 3, 1, 8, 2, 1, 4, 8, 5, 5, 1, 0.308256 
1024, 160, 160, 3, 3, 1, 8, 2, 1, 4, 8, 1, 5, 2, 0.301056 
1024, 160, 160, 3, 3, 1, 8, 2, 1, 4, 8, 2, 5, 2, 0.313376 
1024, 160, 160, 3, 3, 1, 8, 2, 1, 4, 8, 1, 5, 4, 0.352224 
1024, 160, 160, 3, 3, 1, 8, 4, 1, 1, 32, 1, 20, 1, 0.314336 
1024, 160, 160, 3, 3, 1, 8, 4, 1, 2, 16, 1, 10, 1, 0.266272 
1024, 160, 160, 3, 3, 1, 8, 4, 1, 2, 16, 2, 10, 1, 0.284672 
1024, 160, 160, 3, 3, 1, 8, 4, 1, 2, 16, 1, 10, 2, 0.313344 
1024, 160, 160, 3, 3, 1, 8, 4, 1, 4, 8, 1, 5, 1, 0.224256 
1024, 160, 160, 3, 3, 1, 8, 4, 1, 4, 8, 2, 5, 1, 0.250880 
1024, 160, 160, 3, 3, 1, 8, 4, 1, 4, 8, 4, 5, 1, 0.277472 
1024, 160, 160, 3, 3, 1, 8, 4, 1, 4, 8, 5, 5, 1, 0.002080 
1024, 160, 160, 3, 3, 1, 8, 4, 1, 4, 8, 1, 5, 2, 0.260128 
1024, 160, 160, 3, 3, 1, 8, 4, 1, 4, 8, 2, 5, 2, 0.283680 
1024, 160, 160, 3, 3, 1, 8, 4, 1, 4, 8, 1, 5, 4, 0.315392 
1024, 160, 160, 3, 3, 1, 8, 8, 1, 1, 32, 1, 20, 1, 0.002048 
1024, 160, 160, 3, 3, 1, 8, 8, 1, 2, 16, 1, 10, 1, 0.323584 
1024, 160, 160, 3, 3, 1, 8, 8, 1, 2, 16, 2, 10, 1, 0.002080 
1024, 160, 160, 3, 3, 1, 8, 8, 1, 2, 16, 1, 10, 2, 0.003104 
1024, 160, 160, 3, 3, 1, 8, 8, 1, 4, 8, 1, 5, 1, 0.250880 
1024, 160, 160, 3, 3, 1, 8, 8, 1, 4, 8, 2, 5, 1, 0.321536 
1024, 160, 160, 3, 3, 1, 8, 8, 1, 4, 8, 4, 5, 1, 0.002048 
1024, 160, 160, 3, 3, 1, 8, 8, 1, 4, 8, 5, 5, 1, 0.003072 
1024, 160, 160, 3, 3, 1, 8, 8, 1, 4, 8, 1, 5, 2, 0.323552 
1024, 160, 160, 3, 3, 1, 8, 8, 1, 4, 8, 2, 5, 2, 0.002080 
1024, 160, 160, 3, 3, 1, 8, 8, 1, 4, 8, 1, 5, 4, 0.002048 
1024, 160, 160, 3, 3, 1, 8, 16, 1, 2, 16, 1, 10, 1, 1.524736 
1024, 160, 160, 3, 3, 1, 8, 16, 1, 4, 8, 1, 5, 1, 0.928768 
1024, 160, 160, 3, 3, 1, 8, 16, 1, 4, 8, 2, 5, 1, 0.880672 
1024, 160, 160, 3, 3, 1, 8, 16, 1, 4, 8, 1, 5, 2, 1.538080 
1024, 160, 160, 3, 3, 1, 10, 2, 1, 1, 32, 1, 16, 1, 0.399392 
1024, 160, 160, 3, 3, 1, 10, 2, 1, 2, 16, 1, 8, 1, 0.323584 
1024, 160, 160, 3, 3, 1, 10, 2, 1, 2, 16, 2, 8, 1, 0.377888 
1024, 160, 160, 3, 3, 1, 10, 2, 1, 2, 16, 1, 8, 2, 0.399392 
1024, 160, 160, 3, 3, 1, 10, 2, 1, 4, 8, 1, 4, 1, 0.231424 
1024, 160, 160, 3, 3, 1, 10, 2, 1, 4, 8, 2, 4, 1, 0.259104 
1024, 160, 160, 3, 3, 1, 10, 2, 1, 4, 8, 4, 4, 1, 0.314336 
1024, 160, 160, 3, 3, 1, 10, 2, 1, 4, 8, 5, 4, 1, 0.306176 
1024, 160, 160, 3, 3, 1, 10, 2, 1, 4, 8, 1, 4, 2, 0.323584 
1024, 160, 160, 3, 3, 1, 10, 2, 1, 4, 8, 2, 4, 2, 0.376832 
1024, 160, 160, 3, 3, 1, 10, 2, 1, 4, 8, 1, 4, 4, 0.404480 
1024, 160, 160, 3, 3, 1, 10, 2, 1, 8, 4, 1, 2, 1, 0.203776 
1024, 160, 160, 3, 3, 1, 10, 2, 1, 8, 4, 2, 2, 1, 0.205792 
1024, 160, 160, 3, 3, 1, 10, 2, 1, 8, 4, 4, 2, 1, 0.224224 
1024, 160, 160, 3, 3, 1, 10, 2, 1, 8, 4, 5, 2, 1, 0.248832 
1024, 160, 160, 3, 3, 1, 10, 2, 1, 8, 4, 8, 2, 1, 0.313312 
1024, 160, 160, 3, 3, 1, 10, 2, 1, 8, 4, 10, 2, 1, 0.314368 
1024, 160, 160, 3, 3, 1, 10, 2, 1, 8, 4, 1, 2, 2, 0.231392 
1024, 160, 160, 3, 3, 1, 10, 2, 1, 8, 4, 2, 2, 2, 0.259072 
1024, 160, 160, 3, 3, 1, 10, 2, 1, 8, 4, 4, 2, 2, 0.315392 
1024, 160, 160, 3, 3, 1, 10, 2, 1, 8, 4, 5, 2, 2, 0.306208 
1024, 160, 160, 3, 3, 1, 10, 2, 1, 8, 4, 1, 2, 4, 0.323584 
1024, 160, 160, 3, 3, 1, 10, 2, 1, 8, 4, 2, 2, 4, 0.376800 
1024, 160, 160, 3, 3, 1, 10, 2, 1, 8, 4, 1, 2, 8, 0.403488 
1024, 160, 160, 3, 3, 1, 10, 2, 1, 16, 2, 1, 1, 1, 0.278528 
1024, 160, 160, 3, 3, 1, 10, 2, 1, 16, 2, 2, 1, 1, 0.206816 
1024, 160, 160, 3, 3, 1, 10, 2, 1, 16, 2, 4, 1, 1, 0.195584 
1024, 160, 160, 3, 3, 1, 10, 2, 1, 16, 2, 5, 1, 1, 0.210912 
1024, 160, 160, 3, 3, 1, 10, 2, 1, 16, 2, 8, 1, 1, 0.225248 
1024, 160, 160, 3, 3, 1, 10, 2, 1, 16, 2, 10, 1, 1, 0.246784 
1024, 160, 160, 3, 3, 1, 10, 2, 1, 16, 2, 16, 1, 1, 0.310272 
1024, 160, 160, 3, 3, 1, 10, 2, 1, 16, 2, 1, 1, 2, 0.204800 
1024, 160, 160, 3, 3, 1, 10, 2, 1, 16, 2, 2, 1, 2, 0.203776 
1024, 160, 160, 3, 3, 1, 10, 2, 1, 16, 2, 4, 1, 2, 0.224256 
1024, 160, 160, 3, 3, 1, 10, 2, 1, 16, 2, 5, 1, 2, 0.248832 
1024, 160, 160, 3, 3, 1, 10, 2, 1, 16, 2, 8, 1, 2, 0.315392 
1024, 160, 160, 3, 3, 1, 10, 2, 1, 16, 2, 10, 1, 2, 0.309248 
1024, 160, 160, 3, 3, 1, 10, 2, 1, 16, 2, 1, 1, 4, 0.231424 
1024, 160, 160, 3, 3, 1, 10, 2, 1, 16, 2, 2, 1, 4, 0.259104 
1024, 160, 160, 3, 3, 1, 10, 2, 1, 16, 2, 4, 1, 4, 0.314368 
1024, 160, 160, 3, 3, 1, 10, 2, 1, 16, 2, 5, 1, 4, 0.303104 
1024, 160, 160, 3, 3, 1, 10, 2, 1, 16, 2, 1, 1, 8, 0.322592 
1024, 160, 160, 3, 3, 1, 10, 2, 1, 16, 2, 2, 1, 8, 0.374752 
1024, 160, 160, 3, 3, 1, 10, 2, 1, 16, 2, 1, 1, 16, 0.401408 
1024, 160, 160, 3, 3, 1, 10, 4, 1, 1, 32, 1, 16, 1, 0.369664 
1024, 160, 160, 3, 3, 1, 10, 4, 1, 2, 16, 1, 8, 1, 0.319488 
1024, 160, 160, 3, 3, 1, 10, 4, 1, 2, 16, 2, 8, 1, 0.346112 
1024, 160, 160, 3, 3, 1, 10, 4, 1, 2, 16, 1, 8, 2, 0.370656 
1024, 160, 160, 3, 3, 1, 10, 4, 1, 4, 8, 1, 4, 1, 0.202752 
1024, 160, 160, 3, 3, 1, 10, 4, 1, 4, 8, 2, 4, 1, 0.252928 
1024, 160, 160, 3, 3, 1, 10, 4, 1, 4, 8, 4, 4, 1, 0.295936 
1024, 160, 160, 3, 3, 1, 10, 4, 1, 4, 8, 5, 4, 1, 0.291840 
1024, 160, 160, 3, 3, 1, 10, 4, 1, 4, 8, 1, 4, 2, 0.321504 
1024, 160, 160, 3, 3, 1, 10, 4, 1, 4, 8, 2, 4, 2, 0.346080 
1024, 160, 160, 3, 3, 1, 10, 4, 1, 4, 8, 1, 4, 4, 0.369664 
1024, 160, 160, 3, 3, 1, 10, 4, 1, 8, 4, 1, 2, 1, 0.181248 
1024, 160, 160, 3, 3, 1, 10, 4, 1, 8, 4, 2, 2, 1, 0.184320 
1024, 160, 160, 3, 3, 1, 10, 4, 1, 8, 4, 4, 2, 1, 0.228352 
1024, 160, 160, 3, 3, 1, 10, 4, 1, 8, 4, 5, 2, 1, 0.232416 
1024, 160, 160, 3, 3, 1, 10, 4, 1, 8, 4, 8, 2, 1, 0.286720 
1024, 160, 160, 3, 3, 1, 10, 4, 1, 8, 4, 10, 2, 1, 0.279520 
1024, 160, 160, 3, 3, 1, 10, 4, 1, 8, 4, 1, 2, 2, 0.202752 
1024, 160, 160, 3, 3, 1, 10, 4, 1, 8, 4, 2, 2, 2, 0.251872 
1024, 160, 160, 3, 3, 1, 10, 4, 1, 8, 4, 4, 2, 2, 0.293888 
1024, 160, 160, 3, 3, 1, 10, 4, 1, 8, 4, 5, 2, 2, 0.292864 
1024, 160, 160, 3, 3, 1, 10, 4, 1, 8, 4, 1, 2, 4, 0.317440 
1024, 160, 160, 3, 3, 1, 10, 4, 1, 8, 4, 2, 2, 4, 0.345120 
1024, 160, 160, 3, 3, 1, 10, 4, 1, 8, 4, 1, 2, 8, 0.369696 
1024, 160, 160, 3, 3, 1, 10, 4, 1, 16, 2, 1, 1, 1, 0.210944 
1024, 160, 160, 3, 3, 1, 10, 4, 1, 16, 2, 2, 1, 1, 0.178176 
1024, 160, 160, 3, 3, 1, 10, 4, 1, 16, 2, 4, 1, 1, 0.182240 
1024, 160, 160, 3, 3, 1, 10, 4, 1, 16, 2, 5, 1, 1, 0.191488 
1024, 160, 160, 3, 3, 1, 10, 4, 1, 16, 2, 8, 1, 1, 0.229376 
1024, 160, 160, 3, 3, 1, 10, 4, 1, 16, 2, 10, 1, 1, 0.221152 
1024, 160, 160, 3, 3, 1, 10, 4, 1, 16, 2, 16, 1, 1, 0.292896 
1024, 160, 160, 3, 3, 1, 10, 4, 1, 16, 2, 1, 1, 2, 0.182272 
1024, 160, 160, 3, 3, 1, 10, 4, 1, 16, 2, 2, 1, 2, 0.183328 
1024, 160, 160, 3, 3, 1, 10, 4, 1, 16, 2, 4, 1, 2, 0.223200 
1024, 160, 160, 3, 3, 1, 10, 4, 1, 16, 2, 5, 1, 2, 0.225280 
1024, 160, 160, 3, 3, 1, 10, 4, 1, 16, 2, 8, 1, 2, 0.284672 
1024, 160, 160, 3, 3, 1, 10, 4, 1, 16, 2, 10, 1, 2, 0.282656 
1024, 160, 160, 3, 3, 1, 10, 4, 1, 16, 2, 1, 1, 4, 0.202752 
1024, 160, 160, 3, 3, 1, 10, 4, 1, 16, 2, 2, 1, 4, 0.250880 
1024, 160, 160, 3, 3, 1, 10, 4, 1, 16, 2, 4, 1, 4, 0.295936 
1024, 160, 160, 3, 3, 1, 10, 4, 1, 16, 2, 5, 1, 4, 0.290816 
1024, 160, 160, 3, 3, 1, 10, 4, 1, 16, 2, 1, 1, 8, 0.319520 
1024, 160, 160, 3, 3, 1, 10, 4, 1, 16, 2, 2, 1, 8, 0.346112 
1024, 160, 160, 3, 3, 1, 10, 4, 1, 16, 2, 1, 1, 16, 0.371712 
1024, 160, 160, 3, 3, 1, 10, 8, 1, 1, 32, 1, 16, 1, 0.419840 
1024, 160, 160, 3, 3, 1, 10, 8, 1, 2, 16, 1, 8, 1, 0.318464 
1024, 160, 160, 3, 3, 1, 10, 8, 1, 2, 16, 2, 8, 1, 0.327680 
1024, 160, 160, 3, 3, 1, 10, 8, 1, 2, 16, 1, 8, 2, 0.416800 
1024, 160, 160, 3, 3, 1, 10, 8, 1, 4, 8, 1, 4, 1, 0.226304 
1024, 160, 160, 3, 3, 1, 10, 8, 1, 4, 8, 2, 4, 1, 0.246752 
1024, 160, 160, 3, 3, 1, 10, 8, 1, 4, 8, 4, 4, 1, 0.273376 
1024, 160, 160, 3, 3, 1, 10, 8, 1, 4, 8, 5, 4, 1, 0.002080 
1024, 160, 160, 3, 3, 1, 10, 8, 1, 4, 8, 1, 4, 2, 0.304160 
1024, 160, 160, 3, 3, 1, 10, 8, 1, 4, 8, 2, 4, 2, 0.330720 
1024, 160, 160, 3, 3, 1, 10, 8, 1, 4, 8, 1, 4, 4, 0.416736 
1024, 160, 160, 3, 3, 1, 10, 8, 1, 8, 4, 1, 2, 1, 0.194560 
1024, 160, 160, 3, 3, 1, 10, 8, 1, 8, 4, 2, 2, 1, 0.183264 
1024, 160, 160, 3, 3, 1, 10, 8, 1, 8, 4, 4, 2, 1, 0.208896 
1024, 160, 160, 3, 3, 1, 10, 8, 1, 8, 4, 5, 2, 1, 0.312288 
1024, 160, 160, 3, 3, 1, 10, 8, 1, 8, 4, 8, 2, 1, 0.267264 
1024, 160, 160, 3, 3, 1, 10, 8, 1, 8, 4, 10, 2, 1, 0.002048 
1024, 160, 160, 3, 3, 1, 10, 8, 1, 8, 4, 1, 2, 2, 0.227360 
1024, 160, 160, 3, 3, 1, 10, 8, 1, 8, 4, 2, 2, 2, 0.250912 
1024, 160, 160, 3, 3, 1, 10, 8, 1, 8, 4, 4, 2, 2, 0.274400 
1024, 160, 160, 3, 3, 1, 10, 8, 1, 8, 4, 5, 2, 2, 0.002048 
1024, 160, 160, 3, 3, 1, 10, 8, 1, 8, 4, 1, 2, 4, 0.306176 
1024, 160, 160, 3, 3, 1, 10, 8, 1, 8, 4, 2, 2, 4, 0.330752 
1024, 160, 160, 3, 3, 1, 10, 8, 1, 8, 4, 1, 2, 8, 0.417792 
1024, 160, 160, 3, 3, 1, 10, 8, 1, 16, 2, 1, 1, 1, 0.232416 
1024, 160, 160, 3, 3, 1, 10, 8, 1, 16, 2, 2, 1, 1, 0.192512 
1024, 160, 160, 3, 3, 1, 10, 8, 1, 16, 2, 4, 1, 1, 0.179200 
1024, 160, 160, 3, 3, 1, 10, 8, 1, 16, 2, 5, 1, 1, 0.214016 
1024, 160, 160, 3, 3, 1, 10, 8, 1, 16, 2, 8, 1, 1, 0.219136 
1024, 160, 160, 3, 3, 1, 10, 8, 1, 16, 2, 10, 1, 1, 0.317408 
1024, 160, 160, 3, 3, 1, 10, 8, 1, 16, 2, 16, 1, 1, 0.272416 
1024, 160, 160, 3, 3, 1, 10, 8, 1, 16, 2, 1, 1, 2, 0.194560 
1024, 160, 160, 3, 3, 1, 10, 8, 1, 16, 2, 2, 1, 2, 0.181280 
1024, 160, 160, 3, 3, 1, 10, 8, 1, 16, 2, 4, 1, 2, 0.224256 
1024, 160, 160, 3, 3, 1, 10, 8, 1, 16, 2, 5, 1, 2, 0.313344 
1024, 160, 160, 3, 3, 1, 10, 8, 1, 16, 2, 8, 1, 2, 0.268288 
1024, 160, 160, 3, 3, 1, 10, 8, 1, 16, 2, 10, 1, 2, 0.002048 
1024, 160, 160, 3, 3, 1, 10, 8, 1, 16, 2, 1, 1, 4, 0.225312 
1024, 160, 160, 3, 3, 1, 10, 8, 1, 16, 2, 2, 1, 4, 0.250880 
1024, 160, 160, 3, 3, 1, 10, 8, 1, 16, 2, 4, 1, 4, 0.273376 
1024, 160, 160, 3, 3, 1, 10, 8, 1, 16, 2, 5, 1, 4, 0.003072 
1024, 160, 160, 3, 3, 1, 10, 8, 1, 16, 2, 1, 1, 8, 0.317440 
1024, 160, 160, 3, 3, 1, 10, 8, 1, 16, 2, 2, 1, 8, 0.329728 
1024, 160, 160, 3, 3, 1, 10, 8, 1, 16, 2, 1, 1, 16, 0.417760 
1024, 160, 160, 3, 3, 1, 10, 16, 1, 2, 16, 1, 8, 1, 3.033088 
1024, 160, 160, 3, 3, 1, 10, 16, 1, 4, 8, 1, 4, 1, 3.008512 
1024, 160, 160, 3, 3, 1, 10, 16, 1, 4, 8, 2, 4, 1, 3.011552 
1024, 160, 160, 3, 3, 1, 10, 16, 1, 4, 8, 1, 4, 2, 3.024864 
1024, 160, 160, 3, 3, 1, 10, 16, 1, 8, 4, 1, 2, 1, 3.027936 
1024, 160, 160, 3, 3, 1, 10, 16, 1, 8, 4, 2, 2, 1, 2.967520 
1024, 160, 160, 3, 3, 1, 10, 16, 1, 8, 4, 4, 2, 1, 3.006464 
1024, 160, 160, 3, 3, 1, 10, 16, 1, 8, 4, 5, 2, 1, 1.411072 
1024, 160, 160, 3, 3, 1, 10, 16, 1, 8, 4, 1, 2, 2, 3.017728 
1024, 160, 160, 3, 3, 1, 10, 16, 1, 8, 4, 2, 2, 2, 3.018752 
1024, 160, 160, 3, 3, 1, 10, 16, 1, 8, 4, 1, 2, 4, 3.053600 
1024, 160, 160, 3, 3, 1, 10, 16, 1, 16, 2, 1, 1, 1, 3.040224 
1024, 160, 160, 3, 3, 1, 10, 16, 1, 16, 2, 2, 1, 1, 3.037184 
1024, 160, 160, 3, 3, 1, 10, 16, 1, 16, 2, 4, 1, 1, 3.002400 
1024, 160, 160, 3, 3, 1, 10, 16, 1, 16, 2, 5, 1, 1, 2.642944 
1024, 160, 160, 3, 3, 1, 10, 16, 1, 16, 2, 8, 1, 1, 3.034144 
1024, 160, 160, 3, 3, 1, 10, 16, 1, 16, 2, 10, 1, 1, 1.405984 
1024, 160, 160, 3, 3, 1, 10, 16, 1, 16, 2, 1, 1, 2, 3.042336 
1024, 160, 160, 3, 3, 1, 10, 16, 1, 16, 2, 2, 1, 2, 2.967520 
1024, 160, 160, 3, 3, 1, 10, 16, 1, 16, 2, 4, 1, 2, 2.997248 
1024, 160, 160, 3, 3, 1, 10, 16, 1, 16, 2, 5, 1, 2, 1.407008 
1024, 160, 160, 3, 3, 1, 10, 16, 1, 16, 2, 1, 1, 4, 3.058720 
1024, 160, 160, 3, 3, 1, 10, 16, 1, 16, 2, 2, 1, 4, 3.005440 
1024, 160, 160, 3, 3, 1, 10, 16, 1, 16, 2, 1, 1, 8, 3.026944 
1024, 160, 160, 3, 3, 1, 16, 2, 1, 1, 32, 1, 10, 1, 0.261152 
1024, 160, 160, 3, 3, 1, 16, 2, 1, 2, 16, 1, 5, 1, 0.233472 
1024, 160, 160, 3, 3, 1, 16, 2, 1, 2, 16, 2, 5, 1, 0.258048 
1024, 160, 160, 3, 3, 1, 16, 2, 1, 2, 16, 1, 5, 2, 0.264160 
1024, 160, 160, 3, 3, 1, 16, 4, 1, 1, 32, 1, 10, 1, 0.324608 
1024, 160, 160, 3, 3, 1, 16, 4, 1, 2, 16, 1, 5, 1, 0.246784 
1024, 160, 160, 3, 3, 1, 16, 4, 1, 2, 16, 2, 5, 1, 0.320512 
1024, 160, 160, 3, 3, 1, 16, 4, 1, 2, 16, 1, 5, 2, 0.324608 
1024, 160, 160, 3, 3, 1, 16, 8, 1, 1, 32, 1, 10, 1, 1.235968 
1024, 160, 160, 3, 3, 1, 16, 8, 1, 2, 16, 1, 5, 1, 0.858048 
1024, 160, 160, 3, 3, 1, 16, 8, 1, 2, 16, 2, 5, 1, 0.877568 
1024, 160, 160, 3, 3, 1, 16, 8, 1, 2, 16, 1, 5, 2, 1.243136 
1024, 160, 160, 3, 3, 1, 20, 2, 1, 1, 32, 1, 8, 1, 0.263200 
1024, 160, 160, 3, 3, 1, 20, 2, 1, 2, 16, 1, 4, 1, 0.237536 
1024, 160, 160, 3, 3, 1, 20, 2, 1, 2, 16, 2, 4, 1, 0.262112 
1024, 160, 160, 3, 3, 1, 20, 2, 1, 2, 16, 1, 4, 2, 0.265184 
1024, 160, 160, 3, 3, 1, 20, 2, 1, 4, 8, 1, 2, 1, 0.214048 
1024, 160, 160, 3, 3, 1, 20, 2, 1, 4, 8, 2, 2, 1, 0.223232 
1024, 160, 160, 3, 3, 1, 20, 2, 1, 4, 8, 4, 2, 1, 0.256000 
1024, 160, 160, 3, 3, 1, 20, 2, 1, 4, 8, 5, 2, 1, 0.250912 
1024, 160, 160, 3, 3, 1, 20, 2, 1, 4, 8, 1, 2, 2, 0.237536 
1024, 160, 160, 3, 3, 1, 20, 2, 1, 4, 8, 2, 2, 2, 0.263168 
1024, 160, 160, 3, 3, 1, 20, 2, 1, 4, 8, 1, 2, 4, 0.265216 
1024, 160, 160, 3, 3, 1, 20, 2, 1, 8, 4, 1, 1, 1, 0.238592 
1024, 160, 160, 3, 3, 1, 20, 2, 1, 8, 4, 2, 1, 1, 0.195616 
1024, 160, 160, 3, 3, 1, 20, 2, 1, 8, 4, 4, 1, 1, 0.193536 
1024, 160, 160, 3, 3, 1, 20, 2, 1, 8, 4, 5, 1, 1, 0.202720 
1024, 160, 160, 3, 3, 1, 20, 2, 1, 8, 4, 8, 1, 1, 0.246752 
1024, 160, 160, 3, 3, 1, 20, 2, 1, 8, 4, 10, 1, 1, 0.233472 
1024, 160, 160, 3, 3, 1, 20, 2, 1, 8, 4, 1, 1, 2, 0.214016 
1024, 160, 160, 3, 3, 1, 20, 2, 1, 8, 4, 2, 1, 2, 0.223200 
1024, 160, 160, 3, 3, 1, 20, 2, 1, 8, 4, 4, 1, 2, 0.260096 
1024, 160, 160, 3, 3, 1, 20, 2, 1, 8, 4, 5, 1, 2, 0.256000 
1024, 160, 160, 3, 3, 1, 20, 2, 1, 8, 4, 1, 1, 4, 0.237568 
1024, 160, 160, 3, 3, 1, 20, 2, 1, 8, 4, 2, 1, 4, 0.263168 
1024, 160, 160, 3, 3, 1, 20, 2, 1, 8, 4, 1, 1, 8, 0.264192 
1024, 160, 160, 3, 3, 1, 20, 4, 1, 1, 32, 1, 8, 1, 0.311296 
1024, 160, 160, 3, 3, 1, 20, 4, 1, 2, 16, 1, 4, 1, 0.264192 
1024, 160, 160, 3, 3, 1, 20, 4, 1, 2, 16, 2, 4, 1, 0.275456 
1024, 160, 160, 3, 3, 1, 20, 4, 1, 2, 16, 1, 4, 2, 0.315392 
1024, 160, 160, 3, 3, 1, 20, 4, 1, 4, 8, 1, 2, 1, 0.226336 
1024, 160, 160, 3, 3, 1, 20, 4, 1, 4, 8, 2, 2, 1, 0.220128 
1024, 160, 160, 3, 3, 1, 20, 4, 1, 4, 8, 4, 2, 1, 0.247840 
1024, 160, 160, 3, 3, 1, 20, 4, 1, 4, 8, 5, 2, 1, 0.327680 
1024, 160, 160, 3, 3, 1, 20, 4, 1, 4, 8, 1, 2, 2, 0.265248 
1024, 160, 160, 3, 3, 1, 20, 4, 1, 4, 8, 2, 2, 2, 0.278528 
1024, 160, 160, 3, 3, 1, 20, 4, 1, 4, 8, 1, 2, 4, 0.319488 
1024, 160, 160, 3, 3, 1, 20, 4, 1, 8, 4, 1, 1, 1, 0.241664 
1024, 160, 160, 3, 3, 1, 20, 4, 1, 8, 4, 2, 1, 1, 0.205792 
1024, 160, 160, 3, 3, 1, 20, 4, 1, 8, 4, 4, 1, 1, 0.209952 
1024, 160, 160, 3, 3, 1, 20, 4, 1, 8, 4, 5, 1, 1, 0.237568 
1024, 160, 160, 3, 3, 1, 20, 4, 1, 8, 4, 8, 1, 1, 0.242656 
1024, 160, 160, 3, 3, 1, 20, 4, 1, 8, 4, 10, 1, 1, 0.329760 
1024, 160, 160, 3, 3, 1, 20, 4, 1, 8, 4, 1, 1, 2, 0.228384 
1024, 160, 160, 3, 3, 1, 20, 4, 1, 8, 4, 2, 1, 2, 0.220160 
1024, 160, 160, 3, 3, 1, 20, 4, 1, 8, 4, 4, 1, 2, 0.244768 
1024, 160, 160, 3, 3, 1, 20, 4, 1, 8, 4, 5, 1, 2, 0.327712 
1024, 160, 160, 3, 3, 1, 20, 4, 1, 8, 4, 1, 1, 4, 0.268288 
1024, 160, 160, 3, 3, 1, 20, 4, 1, 8, 4, 2, 1, 4, 0.276448 
1024, 160, 160, 3, 3, 1, 20, 4, 1, 8, 4, 1, 1, 8, 0.310272 
1024, 160, 160, 3, 3, 1, 20, 8, 1, 1, 32, 1, 8, 1, 0.961536 
1024, 160, 160, 3, 3, 1, 20, 8, 1, 2, 16, 1, 4, 1, 0.964640 
1024, 160, 160, 3, 3, 1, 20, 8, 1, 2, 16, 2, 4, 1, 0.940064 
1024, 160, 160, 3, 3, 1, 20, 8, 1, 2, 16, 1, 4, 2, 0.966656 
1024, 160, 160, 3, 3, 1, 20, 8, 1, 4, 8, 1, 2, 1, 2.732064 
1024, 160, 160, 3, 3, 1, 20, 8, 1, 4, 8, 2, 2, 1, 2.710560 
1024, 160, 160, 3, 3, 1, 20, 8, 1, 4, 8, 4, 2, 1, 1.135616 
1024, 160, 160, 3, 3, 1, 20, 8, 1, 4, 8, 5, 2, 1, 0.003072 
1024, 160, 160, 3, 3, 1, 20, 8, 1, 4, 8, 1, 2, 2, 0.967712 
1024, 160, 160, 3, 3, 1, 20, 8, 1, 4, 8, 2, 2, 2, 0.946208 
1024, 160, 160, 3, 3, 1, 20, 8, 1, 4, 8, 1, 2, 4, 0.968672 
1024, 160, 160, 3, 3, 1, 20, 8, 1, 8, 4, 1, 1, 1, 1.243136 
1024, 160, 160, 3, 3, 1, 20, 8, 1, 8, 4, 2, 1, 1, 1.158176 
1024, 160, 160, 3, 3, 1, 20, 8, 1, 8, 4, 4, 1, 1, 2.726944 
1024, 160, 160, 3, 3, 1, 20, 8, 1, 8, 4, 5, 1, 1, 2.452480 
1024, 160, 160, 3, 3, 1, 20, 8, 1, 8, 4, 8, 1, 1, 2.711520 
1024, 160, 160, 3, 3, 1, 20, 8, 1, 8, 4, 10, 1, 1, 1.413152 
1024, 160, 160, 3, 3, 1, 20, 8, 1, 8, 4, 1, 1, 2, 2.733088 
1024, 160, 160, 3, 3, 1, 20, 8, 1, 8, 4, 2, 1, 2, 2.718688 
1024, 160, 160, 3, 3, 1, 20, 8, 1, 8, 4, 4, 1, 2, 1.127424 
1024, 160, 160, 3, 3, 1, 20, 8, 1, 8, 4, 5, 1, 2, 0.003040 
1024, 160, 160, 3, 3, 1, 20, 8, 1, 8, 4, 1, 1, 4, 0.968736 
1024, 160, 160, 3, 3, 1, 20, 8, 1, 8, 4, 2, 1, 4, 0.955392 
1024, 160, 160, 3, 3, 1, 20, 8, 1, 8, 4, 1, 1, 8, 0.960512 
1024, 160, 160, 3, 3, 1, 32, 2, 1, 1, 32, 1, 5, 1, 0.256032 
1024, 160, 160, 3, 3, 1, 32, 4, 1, 1, 32, 1, 5, 1, 0.427040 
1024, 160, 160, 3, 3, 1, 40, 2, 1, 1, 32, 1, 4, 1, 0.251904 
1024, 160, 160, 3, 3, 1, 40, 2, 1, 2, 16, 1, 2, 1, 0.285696 
1024, 160, 160, 3, 3, 1, 40, 2, 1, 2, 16, 2, 2, 1, 0.271360 
1024, 160, 160, 3, 3, 1, 40, 2, 1, 2, 16, 1, 2, 2, 0.251936 
1024, 160, 160, 3, 3, 1, 40, 2, 1, 4, 8, 1, 1, 1, 0.324640 
1024, 160, 160, 3, 3, 1, 40, 2, 1, 4, 8, 2, 1, 1, 0.285696 
1024, 160, 160, 3, 3, 1, 40, 2, 1, 4, 8, 4, 1, 1, 0.269280 
1024, 160, 160, 3, 3, 1, 40, 2, 1, 4, 8, 5, 1, 1, 0.315392 
1024, 160, 160, 3, 3, 1, 40, 2, 1, 4, 8, 1, 1, 2, 0.287776 
1024, 160, 160, 3, 3, 1, 40, 2, 1, 4, 8, 2, 1, 2, 0.267264 
1024, 160, 160, 3, 3, 1, 40, 2, 1, 4, 8, 1, 1, 4, 0.251936 
1024, 160, 160, 3, 3, 1, 40, 4, 1, 1, 32, 1, 4, 1, 0.296992 
1024, 160, 160, 3, 3, 1, 40, 4, 1, 2, 16, 1, 2, 1, 0.476192 
1024, 160, 160, 3, 3, 1, 40, 4, 1, 2, 16, 2, 2, 1, 0.443392 
1024, 160, 160, 3, 3, 1, 40, 4, 1, 2, 16, 1, 2, 2, 0.296992 
1024, 160, 160, 3, 3, 1, 40, 4, 1, 4, 8, 1, 1, 1, 0.559136 
1024, 160, 160, 3, 3, 1, 40, 4, 1, 4, 8, 2, 1, 1, 0.527328 
1024, 160, 160, 3, 3, 1, 40, 4, 1, 4, 8, 4, 1, 1, 0.436256 
1024, 160, 160, 3, 3, 1, 40, 4, 1, 4, 8, 5, 1, 1, 0.472032 
1024, 160, 160, 3, 3, 1, 40, 4, 1, 4, 8, 1, 1, 2, 0.478240 
1024, 160, 160, 3, 3, 1, 40, 4, 1, 4, 8, 2, 1, 2, 0.439296 
1024, 160, 160, 3, 3, 1, 40, 4, 1, 4, 8, 1, 1, 4, 0.299008 
1024, 408, 408, 128, 3, 1, 3, 2, 1, 8, 4, 1, 17, 1, 107.298813 
1024, 408, 408, 128, 3, 1, 3, 4, 1, 8, 4, 1, 17, 1, 75.021309 
1024, 408, 408, 128, 3, 1, 3, 8, 1, 8, 4, 1, 17, 1, 55.369728 
1024, 408, 408, 128, 3, 1, 3, 16, 1, 8, 4, 1, 17, 1, 0.003040 
1024, 408, 408, 128, 3, 1, 3, 32, 1, 8, 4, 1, 17, 1, 0.002048 
1024, 408, 408, 128, 3, 1, 6, 2, 1, 4, 8, 1, 17, 1, 70.994911 
1024, 408, 408, 128, 3, 1, 6, 4, 1, 4, 8, 1, 17, 1, 52.293598 
1024, 408, 408, 128, 3, 1, 6, 8, 1, 4, 8, 1, 17, 1, 0.003072 
1024, 408, 408, 128, 3, 1, 6, 16, 1, 4, 8, 1, 17, 1, 0.002048 
1024, 408, 408, 128, 3, 1, 12, 2, 1, 2, 16, 1, 17, 1, 52.472832 
1024, 408, 408, 128, 3, 1, 12, 4, 1, 2, 16, 1, 17, 1, 0.003104 
1024, 408, 408, 128, 3, 1, 12, 8, 1, 2, 16, 1, 17, 1, 0.002080 
1024, 408, 408, 128, 3, 1, 17, 2, 1, 2, 16, 1, 12, 1, 53.773312 
1024, 408, 408, 128, 3, 1, 17, 2, 1, 4, 8, 1, 6, 1, 42.797089 
1024, 408, 408, 128, 3, 1, 17, 2, 1, 4, 8, 2, 6, 1, 54.858784 
1024, 408, 408, 128, 3, 1, 17, 2, 1, 4, 8, 1, 6, 2, 53.752865 
1024, 408, 408, 128, 3, 1, 17, 2, 1, 8, 4, 1, 3, 1, 48.304096 
1024, 408, 408, 128, 3, 1, 17, 2, 1, 8, 4, 2, 3, 1, 42.415104 
1024, 408, 408, 128, 3, 1, 17, 2, 1, 8, 4, 3, 3, 1, 47.043583 
1024, 408, 408, 128, 3, 1, 17, 2, 1, 8, 4, 4, 3, 1, 56.940544 
1024, 408, 408, 128, 3, 1, 17, 2, 1, 8, 4, 1, 3, 2, 42.801151 
1024, 408, 408, 128, 3, 1, 17, 2, 1, 8, 4, 2, 3, 2, 54.850559 
1024, 408, 408, 128, 3, 1, 17, 2, 1, 8, 4, 1, 3, 4, 53.771233 
1024, 408, 408, 128, 3, 1, 17, 4, 1, 2, 16, 1, 12, 1, 43.540512 
1024, 408, 408, 128, 3, 1, 17, 4, 1, 4, 8, 1, 6, 1, 41.042912 
1024, 408, 408, 128, 3, 1, 17, 4, 1, 4, 8, 2, 6, 1, 43.443199 
1024, 408, 408, 128, 3, 1, 17, 4, 1, 4, 8, 1, 6, 2, 43.532318 
1024, 408, 408, 128, 3, 1, 17, 4, 1, 8, 4, 1, 3, 1, 42.081310 
1024, 408, 408, 128, 3, 1, 17, 4, 1, 8, 4, 2, 3, 1, 41.922592 
1024, 408, 408, 128, 3, 1, 17, 4, 1, 8, 4, 3, 3, 1, 59.000832 
1024, 408, 408, 128, 3, 1, 17, 4, 1, 8, 4, 4, 3, 1, 44.617729 
1024, 408, 408, 128, 3, 1, 17, 4, 1, 8, 4, 1, 3, 2, 41.038849 
1024, 408, 408, 128, 3, 1, 17, 4, 1, 8, 4, 2, 3, 2, 43.454433 
1024, 408, 408, 128, 3, 1, 17, 4, 1, 8, 4, 1, 3, 4, 43.502560 
1024, 408, 408, 128, 3, 1, 17, 8, 1, 2, 16, 1, 12, 1, 285.197266 
1024, 408, 408, 128, 3, 1, 17, 8, 1, 4, 8, 1, 6, 1, 181.084167 
1024, 408, 408, 128, 3, 1, 17, 8, 1, 4, 8, 2, 6, 1, 181.080032 
1024, 408, 408, 128, 3, 1, 17, 8, 1, 4, 8, 1, 6, 2, 285.203461 
1024, 408, 408, 128, 3, 1, 17, 8, 1, 8, 4, 1, 3, 1, 207.588318 
1024, 408, 408, 128, 3, 1, 17, 8, 1, 8, 4, 2, 3, 1, 177.300476 
1024, 408, 408, 128, 3, 1, 17, 8, 1, 8, 4, 3, 3, 1, 148.994049 
1024, 408, 408, 128, 3, 1, 17, 8, 1, 8, 4, 4, 3, 1, 183.858170 
1024, 408, 408, 128, 3, 1, 17, 8, 1, 8, 4, 1, 3, 2, 180.396027 
1024, 408, 408, 128, 3, 1, 17, 8, 1, 8, 4, 2, 3, 2, 180.891647 
1024, 408, 408, 128, 3, 1, 17, 8, 1, 8, 4, 1, 3, 4, 285.261810 
1024, 408, 408, 128, 3, 1, 34, 2, 1, 2, 16, 1, 6, 1, 42.807297 
1024, 408, 408, 128, 3, 1, 34, 2, 1, 4, 8, 1, 3, 1, 44.484638 
1024, 408, 408, 128, 3, 1, 34, 2, 1, 4, 8, 2, 3, 1, 42.968098 
1024, 408, 408, 128, 3, 1, 34, 2, 1, 4, 8, 1, 3, 2, 42.806305 
1024, 408, 408, 128, 3, 1, 34, 4, 1, 2, 16, 1, 6, 1, 69.516319 
1024, 408, 408, 128, 3, 1, 34, 4, 1, 4, 8, 1, 3, 1, 71.799805 
1024, 408, 408, 128, 3, 1, 34, 4, 1, 4, 8, 2, 3, 1, 70.889442 
1024, 408, 408, 128, 3, 1, 34, 4, 1, 4, 8, 1, 3, 2, 69.602333 
1024, 408, 408, 128, 3, 1, 51, 2, 1, 2, 16, 1, 4, 1, 42.148865 
1024, 408, 408, 128, 3, 1, 51, 2, 1, 4, 8, 1, 2, 1, 49.164322 
1024, 408, 408, 128, 3, 1, 51, 2, 1, 4, 8, 2, 2, 1, 43.226112 
1024, 408, 408, 128, 3, 1, 51, 2, 1, 4, 8, 1, 2, 2, 42.133503 
1024, 408, 408, 128, 3, 1, 51, 2, 1, 8, 4, 1, 1, 1, 77.908989 
1024, 408, 408, 128, 3, 1, 51, 2, 1, 8, 4, 2, 1, 1, 62.697472 
1024, 408, 408, 128, 3, 1, 51, 2, 1, 8, 4, 3, 1, 1, 57.550846 
1024, 408, 408, 128, 3, 1, 51, 2, 1, 8, 4, 4, 1, 1, 45.008865 
1024, 408, 408, 128, 3, 1, 51, 2, 1, 8, 4, 1, 1, 2, 50.349087 
1024, 408, 408, 128, 3, 1, 51, 2, 1, 8, 4, 2, 1, 2, 43.242527 
1024, 408, 408, 128, 3, 1, 51, 2, 1, 8, 4, 1, 1, 4, 42.118145 
1024, 408, 408, 128, 3, 1, 68, 2, 1, 2, 16, 1, 3, 1, 52.645889 
512, 676, 676, 1024, 3, 1, 13, 2, 1, 4, 8, 1, 13, 1, 600.402954 
512, 676, 676, 1024, 3, 1, 13, 4, 1, 4, 8, 1, 13, 1, 484.106232 
512, 676, 676, 1024, 3, 1, 13, 8, 1, 4, 8, 1, 13, 1, 762.996765 
16, 64, 64, 256, 3, 1, 1, 2, 1, 8, 4, 1, 8, 1, 0.231424 
16, 64, 64, 256, 3, 1, 1, 2, 1, 8, 4, 2, 8, 1, 0.196608 
16, 64, 64, 256, 3, 1, 1, 2, 1, 8, 4, 4, 8, 1, 0.282656 
16, 64, 64, 256, 3, 1, 1, 2, 1, 16, 2, 1, 4, 1, 0.237600 
16, 64, 64, 256, 3, 1, 1, 2, 1, 16, 2, 2, 4, 1, 0.229408 
16, 64, 64, 256, 3, 1, 1, 2, 1, 16, 2, 4, 4, 1, 0.192512 
16, 64, 64, 256, 3, 1, 1, 2, 1, 16, 2, 8, 4, 1, 0.239584 
16, 64, 64, 256, 3, 1, 1, 2, 1, 16, 2, 1, 4, 2, 0.232448 
16, 64, 64, 256, 3, 1, 1, 2, 1, 16, 2, 2, 4, 2, 0.196608 
16, 64, 64, 256, 3, 1, 1, 2, 1, 16, 2, 4, 4, 2, 0.282624 
16, 64, 64, 256, 3, 1, 1, 2, 1, 32, 1, 1, 2, 1, 0.230400 
16, 64, 64, 256, 3, 1, 1, 2, 1, 32, 1, 2, 2, 1, 0.237568 
16, 64, 64, 256, 3, 1, 1, 2, 1, 32, 1, 4, 2, 1, 0.238592 
16, 64, 64, 256, 3, 1, 1, 2, 1, 32, 1, 8, 2, 1, 0.208896 
16, 64, 64, 256, 3, 1, 1, 2, 1, 32, 1, 16, 2, 1, 0.238560 
16, 64, 64, 256, 3, 1, 1, 2, 1, 32, 1, 1, 2, 2, 0.237568 
16, 64, 64, 256, 3, 1, 1, 2, 1, 32, 1, 2, 2, 2, 0.230400 
16, 64, 64, 256, 3, 1, 1, 2, 1, 32, 1, 4, 2, 2, 0.194560 
16, 64, 64, 256, 3, 1, 1, 2, 1, 32, 1, 8, 2, 2, 0.238592 
16, 64, 64, 256, 3, 1, 1, 2, 1, 32, 1, 1, 2, 4, 0.231424 
16, 64, 64, 256, 3, 1, 1, 2, 1, 32, 1, 2, 2, 4, 0.196608 
16, 64, 64, 256, 3, 1, 1, 2, 1, 32, 1, 4, 2, 4, 0.283616 
16, 64, 64, 256, 3, 1, 1, 4, 1, 16, 2, 1, 4, 1, 0.243712 
16, 64, 64, 256, 3, 1, 1, 4, 1, 16, 2, 2, 4, 1, 0.232448 
16, 64, 64, 256, 3, 1, 1, 4, 1, 16, 2, 4, 4, 1, 0.218112 
16, 64, 64, 256, 3, 1, 1, 4, 1, 16, 2, 8, 4, 1, 0.003072 
16, 64, 64, 256, 3, 1, 1, 4, 1, 32, 1, 1, 2, 1, 0.236544 
16, 64, 64, 256, 3, 1, 1, 4, 1, 32, 1, 2, 2, 1, 0.241696 
16, 64, 64, 256, 3, 1, 1, 4, 1, 32, 1, 4, 2, 1, 0.235520 
16, 64, 64, 256, 3, 1, 1, 4, 1, 32, 1, 8, 2, 1, 0.231424 
16, 64, 64, 256, 3, 1, 1, 4, 1, 32, 1, 16, 2, 1, 0.003072 
16, 64, 64, 256, 3, 1, 1, 4, 1, 32, 1, 1, 2, 2, 0.243712 
16, 64, 64, 256, 3, 1, 1, 4, 1, 32, 1, 2, 2, 2, 0.231424 
16, 64, 64, 256, 3, 1, 1, 4, 1, 32, 1, 4, 2, 2, 0.218112 
16, 64, 64, 256, 3, 1, 1, 4, 1, 32, 1, 8, 2, 2, 0.002048 
16, 64, 64, 256, 3, 1, 1, 8, 1, 32, 1, 1, 2, 1, 0.245792 
16, 64, 64, 256, 3, 1, 1, 8, 1, 32, 1, 2, 2, 1, 0.249856 
16, 64, 64, 256, 3, 1, 1, 8, 1, 32, 1, 4, 2, 1, 0.250880 
16, 64, 64, 256, 3, 1, 1, 8, 1, 32, 1, 8, 2, 1, 0.292864 
16, 64, 64, 256, 3, 1, 1, 8, 1, 32, 1, 16, 2, 1, 0.003072 
16, 64, 64, 256, 3, 1, 2, 2, 1, 8, 4, 1, 4, 1, 0.243712 
16, 64, 64, 256, 3, 1, 2, 2, 1, 8, 4, 2, 4, 1, 0.232448 
16, 64, 64, 256, 3, 1, 2, 2, 1, 8, 4, 4, 4, 1, 0.215072 
16, 64, 64, 256, 3, 1, 2, 2, 1, 8, 4, 8, 4, 1, 0.284672 
16, 64, 64, 256, 3, 1, 2, 2, 1, 16, 2, 1, 2, 1, 0.234496 
16, 64, 64, 256, 3, 1, 2, 2, 1, 16, 2, 2, 2, 1, 0.232448 
16, 64, 64, 256, 3, 1, 2, 2, 1, 16, 2, 4, 2, 1, 0.234496 
16, 64, 64, 256, 3, 1, 2, 2, 1, 16, 2, 8, 2, 1, 0.216096 
16, 64, 64, 256, 3, 1, 2, 2, 1, 16, 2, 16, 2, 1, 0.252928 
16, 64, 64, 256, 3, 1, 2, 2, 1, 16, 2, 1, 2, 2, 0.243712 
16, 64, 64, 256, 3, 1, 2, 2, 1, 16, 2, 2, 2, 2, 0.232448 
16, 64, 64, 256, 3, 1, 2, 2, 1, 16, 2, 4, 2, 2, 0.215008 
16, 64, 64, 256, 3, 1, 2, 2, 1, 16, 2, 8, 2, 2, 0.285696 
16, 64, 64, 256, 3, 1, 2, 2, 1, 32, 1, 1, 1, 1, 0.294912 
16, 64, 64, 256, 3, 1, 2, 2, 1, 32, 1, 2, 1, 1, 0.244736 
16, 64, 64, 256, 3, 1, 2, 2, 1, 32, 1, 4, 1, 1, 0.239616 
16, 64, 64, 256, 3, 1, 2, 2, 1, 32, 1, 8, 1, 1, 0.238592 
16, 64, 64, 256, 3, 1, 2, 2, 1, 32, 1, 16, 1, 1, 0.242688 
16, 64, 64, 256, 3, 1, 2, 2, 1, 32, 1, 32, 1, 1, 0.320512 
16, 64, 64, 256, 3, 1, 2, 2, 1, 32, 1, 1, 1, 2, 0.234496 
16, 64, 64, 256, 3, 1, 2, 2, 1, 32, 1, 2, 1, 2, 0.231424 
16, 64, 64, 256, 3, 1, 2, 2, 1, 32, 1, 4, 1, 2, 0.235520 
16, 64, 64, 256, 3, 1, 2, 2, 1, 32, 1, 8, 1, 2, 0.216064 
16, 64, 64, 256, 3, 1, 2, 2, 1, 32, 1, 16, 1, 2, 0.252928 
16, 64, 64, 256, 3, 1, 2, 2, 1, 32, 1, 1, 1, 4, 0.242688 
16, 64, 64, 256, 3, 1, 2, 2, 1, 32, 1, 2, 1, 4, 0.232448 
16, 64, 64, 256, 3, 1, 2, 2, 1, 32, 1, 4, 1, 4, 0.215040 
16, 64, 64, 256, 3, 1, 2, 2, 1, 32, 1, 8, 1, 4, 0.284672 
16, 64, 64, 256, 3, 1, 2, 4, 1, 16, 2, 1, 2, 1, 0.243712 
16, 64, 64, 256, 3, 1, 2, 4, 1, 16, 2, 2, 2, 1, 0.240672 
16, 64, 64, 256, 3, 1, 2, 4, 1, 16, 2, 4, 2, 1, 0.245760 
16, 64, 64, 256, 3, 1, 2, 4, 1, 16, 2, 8, 2, 1, 0.267264 
16, 64, 64, 256, 3, 1, 2, 4, 1, 16, 2, 16, 2, 1, 0.002048 
16, 64, 64, 256, 3, 1, 2, 4, 1, 32, 1, 1, 1, 1, 0.319488 
16, 64, 64, 256, 3, 1, 2, 4, 1, 32, 1, 2, 1, 1, 0.250880 
16, 64, 64, 256, 3, 1, 2, 4, 1, 32, 1, 4, 1, 1, 0.246784 
16, 64, 64, 256, 3, 1, 2, 4, 1, 32, 1, 8, 1, 1, 0.249856 
16, 64, 64, 256, 3, 1, 2, 4, 1, 32, 1, 16, 1, 1, 0.283648 
16, 64, 64, 256, 3, 1, 2, 4, 1, 32, 1, 32, 1, 1, 0.003072 
16, 64, 64, 256, 3, 1, 2, 4, 1, 32, 1, 1, 1, 2, 0.243712 
16, 64, 64, 256, 3, 1, 2, 4, 1, 32, 1, 2, 1, 2, 0.240640 
16, 64, 64, 256, 3, 1, 2, 4, 1, 32, 1, 4, 1, 2, 0.246784 
16, 64, 64, 256, 3, 1, 2, 4, 1, 32, 1, 8, 1, 2, 0.267264 
16, 64, 64, 256, 3, 1, 2, 4, 1, 32, 1, 16, 1, 2, 0.002048 
16, 64, 64, 256, 3, 1, 2, 8, 1, 32, 1, 1, 1, 1, 0.335872 
16, 64, 64, 256, 3, 1, 2, 8, 1, 32, 1, 2, 1, 1, 0.276512 
16, 64, 64, 256, 3, 1, 2, 8, 1, 32, 1, 4, 1, 1, 0.272352 
16, 64, 64, 256, 3, 1, 2, 8, 1, 32, 1, 8, 1, 1, 0.300032 
16, 64, 64, 256, 3, 1, 2, 8, 1, 32, 1, 16, 1, 1, 0.386048 
16, 64, 64, 256, 3, 1, 2, 8, 1, 32, 1, 32, 1, 1, 0.002048 
16, 64, 64, 256, 3, 1, 4, 2, 1, 8, 4, 1, 2, 1, 0.244736 
16, 64, 64, 256, 3, 1, 4, 2, 1, 8, 4, 2, 2, 1, 0.240640 
16, 64, 64, 256, 3, 1, 4, 2, 1, 8, 4, 4, 2, 1, 0.246752 
16, 64, 64, 256, 3, 1, 4, 2, 1, 8, 4, 8, 2, 1, 0.273408 
16, 64, 64, 256, 3, 1, 4, 2, 1, 8, 4, 16, 2, 1, 0.371712 
16, 64, 64, 256, 3, 1, 4, 2, 1, 16, 2, 1, 1, 1, 0.317440 
16, 64, 64, 256, 3, 1, 4, 2, 1, 16, 2, 2, 1, 1, 0.251904 
16, 64, 64, 256, 3, 1, 4, 2, 1, 16, 2, 4, 1, 1, 0.242688 
16, 64, 64, 256, 3, 1, 4, 2, 1, 16, 2, 8, 1, 1, 0.250880 
16, 64, 64, 256, 3, 1, 4, 2, 1, 16, 2, 16, 1, 1, 0.281600 
16, 64, 64, 256, 3, 1, 4, 2, 1, 16, 2, 32, 1, 1, 0.445440 
16, 64, 64, 256, 3, 1, 4, 2, 1, 16, 2, 1, 1, 2, 0.244768 
16, 64, 64, 256, 3, 1, 4, 2, 1, 16, 2, 2, 1, 2, 0.240640 
16, 64, 64, 256, 3, 1, 4, 2, 1, 16, 2, 4, 1, 2, 0.246784 
16, 64, 64, 256, 3, 1, 4, 2, 1, 16, 2, 8, 1, 2, 0.273408 
16, 64, 64, 256, 3, 1, 4, 2, 1, 16, 2, 16, 1, 2, 0.371712 
16, 64, 64, 256, 3, 1, 4, 4, 1, 16, 2, 1, 1, 1, 0.335872 
16, 64, 64, 256, 3, 1, 4, 4, 1, 16, 2, 2, 1, 1, 0.275456 
16, 64, 64, 256, 3, 1, 4, 4, 1, 16, 2, 4, 1, 1, 0.270304 
16, 64, 64, 256, 3, 1, 4, 4, 1, 16, 2, 8, 1, 1, 0.296960 
16, 64, 64, 256, 3, 1, 4, 4, 1, 16, 2, 16, 1, 1, 0.372736 
16, 64, 64, 256, 3, 1, 4, 4, 1, 16, 2, 32, 1, 1, 0.002048 
16, 64, 64, 256, 3, 1, 8, 2, 1, 8, 4, 1, 1, 1, 0.338944 
16, 64, 64, 256, 3, 1, 8, 2, 1, 8, 4, 2, 1, 1, 0.276512 
16, 64, 64, 256, 3, 1, 8, 2, 1, 8, 4, 4, 1, 1, 0.272384 
16, 64, 64, 256, 3, 1, 8, 2, 1, 8, 4, 8, 1, 1, 0.302080 
16, 64, 64, 256, 3, 1, 8, 2, 1, 8, 4, 16, 1, 1, 0.381952 
64, 528, 528, 128, 3, 1, 3, 2, 1, 8, 4, 1, 22, 1, 9.694240 
64, 528, 528, 128, 3, 1, 3, 2, 1, 16, 2, 1, 11, 1, 8.789024 
64, 528, 528, 128, 3, 1, 3, 2, 1, 16, 2, 2, 11, 1, 9.612288 
64, 528, 528, 128, 3, 1, 3, 2, 1, 16, 2, 1, 11, 2, 9.686016 
64, 528, 528, 128, 3, 1, 3, 4, 1, 8, 4, 1, 22, 1, 7.045152 
64, 528, 528, 128, 3, 1, 3, 4, 1, 16, 2, 1, 11, 1, 5.752832 
64, 528, 528, 128, 3, 1, 3, 4, 1, 16, 2, 2, 11, 1, 6.688768 
64, 528, 528, 128, 3, 1, 3, 4, 1, 16, 2, 1, 11, 2, 7.047168 
64, 528, 528, 128, 3, 1, 3, 8, 1, 8, 4, 1, 22, 1, 5.559296 
64, 528, 528, 128, 3, 1, 3, 8, 1, 16, 2, 1, 11, 1, 4.753408 
64, 528, 528, 128, 3, 1, 3, 8, 1, 16, 2, 2, 11, 1, 5.283840 
64, 528, 528, 128, 3, 1, 3, 8, 1, 16, 2, 1, 11, 2, 5.558272 
64, 528, 528, 128, 3, 1, 3, 16, 1, 16, 2, 1, 11, 1, 5.718016 
64, 528, 528, 128, 3, 1, 3, 16, 1, 16, 2, 2, 11, 1, 0.002080 
64, 528, 528, 128, 3, 1, 6, 2, 1, 4, 8, 1, 22, 1, 6.432768 
64, 528, 528, 128, 3, 1, 6, 2, 1, 8, 4, 1, 11, 1, 5.737440 
64, 528, 528, 128, 3, 1, 6, 2, 1, 8, 4, 2, 11, 1, 6.534144 
64, 528, 528, 128, 3, 1, 6, 2, 1, 8, 4, 1, 11, 2, 6.431744 
64, 528, 528, 128, 3, 1, 6, 4, 1, 4, 8, 1, 22, 1, 5.259296 
64, 528, 528, 128, 3, 1, 6, 4, 1, 8, 4, 1, 11, 1, 4.738080 
64, 528, 528, 128, 3, 1, 6, 4, 1, 8, 4, 2, 11, 1, 5.262304 
64, 528, 528, 128, 3, 1, 6, 4, 1, 8, 4, 1, 11, 2, 5.260288 
64, 528, 528, 128, 3, 1, 6, 8, 1, 8, 4, 1, 11, 1, 5.749792 
64, 528, 528, 128, 3, 1, 6, 8, 1, 8, 4, 2, 11, 1, 0.002048 
64, 528, 528, 128, 3, 1, 11, 2, 1, 2, 16, 1, 24, 1, 5.158912 
64, 528, 528, 128, 3, 1, 11, 2, 1, 4, 8, 1, 12, 1, 4.652032 
64, 528, 528, 128, 3, 1, 11, 2, 1, 4, 8, 1, 12, 2, 5.159936 
64, 528, 528, 128, 3, 1, 11, 2, 1, 8, 4, 1, 6, 1, 4.698112 
64, 528, 528, 128, 3, 1, 11, 2, 1, 8, 4, 2, 6, 1, 4.671424 
64, 528, 528, 128, 3, 1, 11, 2, 1, 8, 4, 3, 6, 1, 5.901312 
64, 528, 528, 128, 3, 1, 11, 2, 1, 8, 4, 1, 6, 2, 4.649952 
64, 528, 528, 128, 3, 1, 11, 2, 1, 8, 4, 1, 6, 4, 5.159968 
64, 528, 528, 128, 3, 1, 11, 2, 1, 16, 2, 1, 3, 1, 7.185408 
64, 528, 528, 128, 3, 1, 11, 2, 1, 16, 2, 2, 3, 1, 5.472256 
64, 528, 528, 128, 3, 1, 11, 2, 1, 16, 2, 3, 3, 1, 5.572608 
64, 528, 528, 128, 3, 1, 11, 2, 1, 16, 2, 4, 3, 1, 4.966400 
64, 528, 528, 128, 3, 1, 11, 2, 1, 16, 2, 1, 3, 2, 4.700192 
64, 528, 528, 128, 3, 1, 11, 2, 1, 16, 2, 2, 3, 2, 4.676608 
64, 528, 528, 128, 3, 1, 11, 2, 1, 16, 2, 3, 3, 2, 5.893120 
64, 528, 528, 128, 3, 1, 11, 2, 1, 16, 2, 1, 3, 4, 4.647968 
64, 528, 528, 128, 3, 1, 11, 2, 1, 16, 2, 1, 3, 8, 5.155872 
64, 528, 528, 128, 3, 1, 11, 4, 1, 4, 8, 1, 12, 1, 5.436416 
64, 528, 528, 128, 3, 1, 11, 4, 1, 8, 4, 1, 6, 1, 4.359168 
64, 528, 528, 128, 3, 1, 11, 4, 1, 8, 4, 2, 6, 1, 5.571616 
64, 528, 528, 128, 3, 1, 11, 4, 1, 8, 4, 3, 6, 1, 4.835328 
64, 528, 528, 128, 3, 1, 11, 4, 1, 8, 4, 1, 6, 2, 5.430272 
64, 528, 528, 128, 3, 1, 11, 4, 1, 16, 2, 1, 3, 1, 4.931584 
64, 528, 528, 128, 3, 1, 11, 4, 1, 16, 2, 2, 3, 1, 4.424704 
64, 528, 528, 128, 3, 1, 11, 4, 1, 16, 2, 3, 3, 1, 4.741120 
64, 528, 528, 128, 3, 1, 11, 4, 1, 16, 2, 4, 3, 1, 5.726208 
64, 528, 528, 128, 3, 1, 11, 4, 1, 16, 2, 1, 3, 2, 4.379680 
64, 528, 528, 128, 3, 1, 11, 4, 1, 16, 2, 2, 3, 2, 5.569504 
64, 528, 528, 128, 3, 1, 11, 4, 1, 16, 2, 3, 3, 2, 4.832256 
64, 528, 528, 128, 3, 1, 11, 4, 1, 16, 2, 1, 3, 4, 5.434368 
64, 528, 528, 128, 3, 1, 11, 8, 1, 8, 4, 1, 6, 1, 4.570144 
64, 528, 528, 128, 3, 1, 11, 8, 1, 8, 4, 2, 6, 1, 4.831232 
64, 528, 528, 128, 3, 1, 11, 8, 1, 8, 4, 3, 6, 1, 0.003104 
64, 528, 528, 128, 3, 1, 11, 8, 1, 16, 2, 1, 3, 1, 5.458944 
64, 528, 528, 128, 3, 1, 11, 8, 1, 16, 2, 2, 3, 1, 4.646912 
64, 528, 528, 128, 3, 1, 11, 8, 1, 16, 2, 3, 3, 1, 6.372320 
64, 528, 528, 128, 3, 1, 11, 8, 1, 16, 2, 4, 3, 1, 4.966400 
64, 528, 528, 128, 3, 1, 11, 8, 1, 16, 2, 1, 3, 2, 4.562944 
64, 528, 528, 128, 3, 1, 11, 8, 1, 16, 2, 2, 3, 2, 4.831232 
64, 528, 528, 128, 3, 1, 11, 8, 1, 16, 2, 3, 3, 2, 0.003104 
64, 528, 528, 128, 3, 1, 11, 16, 1, 16, 2, 1, 3, 1, 16.560127 
64, 528, 528, 128, 3, 1, 11, 16, 1, 16, 2, 2, 3, 1, 16.918528 
64, 528, 528, 128, 3, 1, 11, 16, 1, 16, 2, 3, 3, 1, 1.422304 
64, 528, 528, 128, 3, 1, 12, 2, 1, 2, 16, 1, 22, 1, 5.238752 
64, 528, 528, 128, 3, 1, 12, 2, 1, 4, 8, 1, 11, 1, 4.667392 
64, 528, 528, 128, 3, 1, 12, 2, 1, 4, 8, 1, 11, 2, 5.240832 
64, 528, 528, 128, 3, 1, 12, 4, 1, 4, 8, 1, 11, 1, 5.739520 
64, 528, 528, 128, 3, 1, 22, 2, 1, 2, 16, 1, 12, 1, 5.541888 
64, 528, 528, 128, 3, 1, 22, 2, 1, 4, 8, 1, 6, 1, 5.117952 
64, 528, 528, 128, 3, 1, 22, 2, 1, 4, 8, 1, 6, 2, 5.541888 
64, 528, 528, 128, 3, 1, 22, 2, 1, 8, 4, 1, 3, 1, 5.593088 
64, 528, 528, 128, 3, 1, 22, 2, 1, 8, 4, 2, 3, 1, 5.239808 
64, 528, 528, 128, 3, 1, 22, 2, 1, 8, 4, 3, 3, 1, 7.393312 
64, 528, 528, 128, 3, 1, 22, 2, 1, 8, 4, 1, 3, 2, 5.115904 
64, 528, 528, 128, 3, 1, 22, 2, 1, 8, 4, 1, 3, 4, 5.540864 
64, 528, 528, 128, 3, 1, 22, 4, 1, 4, 8, 1, 6, 1, 4.894720 
64, 528, 528, 128, 3, 1, 22, 4, 1, 8, 4, 1, 3, 1, 5.117952 
64, 528, 528, 128, 3, 1, 22, 4, 1, 8, 4, 2, 3, 1, 5.143552 
64, 528, 528, 128, 3, 1, 22, 4, 1, 8, 4, 3, 3, 1, 6.490080 
64, 528, 528, 128, 3, 1, 22, 4, 1, 8, 4, 1, 3, 2, 4.913152 
64, 528, 528, 128, 3, 1, 22, 8, 1, 8, 4, 1, 3, 1, 18.185217 
64, 528, 528, 128, 3, 1, 22, 8, 1, 8, 4, 2, 3, 1, 19.230721 
64, 528, 528, 128, 3, 1, 22, 8, 1, 8, 4, 3, 3, 1, 1.441792 
64, 528, 528, 128, 3, 1, 24, 2, 1, 2, 16, 1, 11, 1, 5.862368 
64, 528, 528, 128, 3, 1, 33, 2, 1, 2, 16, 1, 8, 1, 4.097024 
64, 528, 528, 128, 3, 1, 33, 2, 1, 4, 8, 1, 4, 1, 4.359168 
64, 528, 528, 128, 3, 1, 33, 2, 1, 4, 8, 1, 4, 2, 4.077536 
64, 528, 528, 128, 3, 1, 33, 2, 1, 8, 4, 1, 2, 1, 5.755904 
64, 528, 528, 128, 3, 1, 33, 2, 1, 8, 4, 2, 2, 1, 5.677056 
64, 528, 528, 128, 3, 1, 33, 2, 1, 8, 4, 3, 2, 1, 4.814848 
64, 528, 528, 128, 3, 1, 33, 2, 1, 8, 4, 1, 2, 2, 4.359168 
64, 528, 528, 128, 3, 1, 33, 2, 1, 8, 4, 1, 2, 4, 4.102144 
64, 528, 528, 128, 3, 1, 33, 2, 1, 16, 2, 1, 1, 1, 11.098112 
64, 528, 528, 128, 3, 1, 33, 2, 1, 16, 2, 2, 1, 1, 7.416832 
64, 528, 528, 128, 3, 1, 33, 2, 1, 16, 2, 3, 1, 1, 8.269856 
64, 528, 528, 128, 3, 1, 33, 2, 1, 16, 2, 4, 1, 1, 6.410240 
64, 528, 528, 128, 3, 1, 33, 2, 1, 16, 2, 1, 1, 2, 5.739488 
64, 528, 528, 128, 3, 1, 33, 2, 1, 16, 2, 2, 1, 2, 5.655552 
64, 528, 528, 128, 3, 1, 33, 2, 1, 16, 2, 3, 1, 2, 4.807712 
64, 528, 528, 128, 3, 1, 33, 2, 1, 16, 2, 1, 1, 4, 4.361248 
64, 528, 528, 128, 3, 1, 33, 2, 1, 16, 2, 1, 1, 8, 4.085760 
64, 528, 528, 128, 3, 1, 33, 4, 1, 4, 8, 1, 4, 1, 11.927552 
64, 528, 528, 128, 3, 1, 33, 4, 1, 8, 4, 1, 2, 1, 7.768096 
64, 528, 528, 128, 3, 1, 33, 4, 1, 8, 4, 2, 2, 1, 7.031808 
64, 528, 528, 128, 3, 1, 33, 4, 1, 8, 4, 3, 2, 1, 7.834624 
64, 528, 528, 128, 3, 1, 33, 4, 1, 8, 4, 1, 2, 2, 11.859968 
64, 528, 528, 128, 3, 1, 33, 4, 1, 16, 2, 1, 1, 1, 10.733568 
64, 528, 528, 128, 3, 1, 33, 4, 1, 16, 2, 2, 1, 1, 9.009152 
64, 528, 528, 128, 3, 1, 33, 4, 1, 16, 2, 3, 1, 1, 8.495072 
64, 528, 528, 128, 3, 1, 33, 4, 1, 16, 2, 4, 1, 1, 7.317504 
64, 528, 528, 128, 3, 1, 33, 4, 1, 16, 2, 1, 1, 2, 7.622656 
64, 528, 528, 128, 3, 1, 33, 4, 1, 16, 2, 2, 1, 2, 7.164928 
64, 528, 528, 128, 3, 1, 33, 4, 1, 16, 2, 3, 1, 2, 7.828480 
64, 528, 528, 128, 3, 1, 33, 4, 1, 16, 2, 1, 1, 4, 11.920416 
64, 528, 528, 128, 3, 1, 44, 2, 1, 2, 16, 1, 6, 1, 4.946976 
64, 528, 528, 128, 3, 1, 44, 2, 1, 4, 8, 1, 3, 1, 5.751808 
64, 528, 528, 128, 3, 1, 44, 2, 1, 4, 8, 1, 3, 2, 4.958208 
64, 528, 528, 128, 3, 1, 44, 4, 1, 4, 8, 1, 3, 1, 8.311808 
64, 528, 528, 128, 3, 1, 66, 2, 1, 2, 16, 1, 4, 1, 4.324352 
64, 528, 528, 128, 3, 1, 66, 2, 1, 4, 8, 1, 2, 1, 6.520832 
64, 528, 528, 128, 3, 1, 66, 2, 1, 4, 8, 1, 2, 2, 4.313088 
64, 528, 528, 128, 3, 1, 66, 2, 1, 8, 4, 1, 1, 1, 16.659456 
64, 528, 528, 128, 3, 1, 66, 2, 1, 8, 4, 2, 1, 1, 8.237088 
64, 528, 528, 128, 3, 1, 66, 2, 1, 8, 4, 3, 1, 1, 6.141952 
64, 528, 528, 128, 3, 1, 66, 2, 1, 8, 4, 1, 1, 2, 6.599680 
64, 528, 528, 128, 3, 1, 66, 2, 1, 8, 4, 1, 1, 4, 4.330528 
64, 960, 960, 128, 3, 1, 1, 2, 1, 32, 1, 1, 30, 1, 58.484737 
64, 960, 960, 128, 3, 1, 1, 4, 1, 32, 1, 1, 30, 1, 0.002048 
64, 960, 960, 128, 3, 1, 1, 8, 1, 32, 1, 1, 30, 1, 0.002048 
64, 960, 960, 128, 3, 1, 1, 16, 1, 32, 1, 1, 30, 1, 0.003072 
64, 960, 960, 128, 3, 1, 1, 32, 1, 32, 1, 1, 30, 1, 0.002048 
64, 960, 960, 128, 3, 1, 2, 2, 1, 16, 2, 1, 30, 1, 33.736671 
64, 960, 960, 128, 3, 1, 2, 2, 1, 32, 1, 1, 15, 1, 34.947071 
64, 960, 960, 128, 3, 1, 2, 2, 1, 32, 1, 2, 15, 1, 40.145920 
64, 960, 960, 128, 3, 1, 2, 2, 1, 32, 1, 1, 15, 2, 33.693729 
64, 960, 960, 128, 3, 1, 2, 4, 1, 16, 2, 1, 30, 1, 0.002048 
64, 960, 960, 128, 3, 1, 2, 4, 1, 32, 1, 1, 15, 1, 35.895294 
64, 960, 960, 128, 3, 1, 2, 4, 1, 32, 1, 2, 15, 1, 0.002048 
64, 960, 960, 128, 3, 1, 2, 4, 1, 32, 1, 1, 15, 2, 0.002048 
64, 960, 960, 128, 3, 1, 2, 8, 1, 16, 2, 1, 30, 1, 0.003072 
64, 960, 960, 128, 3, 1, 2, 8, 1, 32, 1, 1, 15, 1, 24.404991 
64, 960, 960, 128, 3, 1, 2, 8, 1, 32, 1, 2, 15, 1, 0.002048 
64, 960, 960, 128, 3, 1, 2, 8, 1, 32, 1, 1, 15, 2, 0.002048 
64, 960, 960, 128, 3, 1, 2, 16, 1, 16, 2, 1, 30, 1, 0.003072 
64, 960, 960, 128, 3, 1, 2, 16, 1, 32, 1, 1, 15, 1, 17.501184 
64, 960, 960, 128, 3, 1, 2, 16, 1, 32, 1, 2, 15, 1, 0.003072 
64, 960, 960, 128, 3, 1, 2, 16, 1, 32, 1, 1, 15, 2, 0.002048 
64, 960, 960, 128, 3, 1, 2, 32, 1, 32, 1, 1, 15, 1, 14.748672 
64, 960, 960, 128, 3, 1, 3, 2, 1, 16, 2, 1, 20, 1, 34.867199 
64, 960, 960, 128, 3, 1, 3, 2, 1, 32, 1, 1, 10, 1, 28.327936 
64, 960, 960, 128, 3, 1, 3, 2, 1, 32, 1, 2, 10, 1, 38.178783 
64, 960, 960, 128, 3, 1, 3, 2, 1, 32, 1, 1, 10, 2, 34.894817 
64, 960, 960, 128, 3, 1, 3, 4, 1, 16, 2, 1, 20, 1, 23.003136 
64, 960, 960, 128, 3, 1, 3, 4, 1, 32, 1, 1, 10, 1, 18.282495 
64, 960, 960, 128, 3, 1, 3, 4, 1, 32, 1, 2, 10, 1, 24.438751 
64, 960, 960, 128, 3, 1, 3, 4, 1, 32, 1, 1, 10, 2, 23.026655 
64, 960, 960, 128, 3, 1, 3, 8, 1, 16, 2, 1, 20, 1, 16.668640 
64, 960, 960, 128, 3, 1, 3, 8, 1, 32, 1, 1, 10, 1, 15.698944 
64, 960, 960, 128, 3, 1, 3, 8, 1, 32, 1, 2, 10, 1, 17.390593 
64, 960, 960, 128, 3, 1, 3, 8, 1, 32, 1, 1, 10, 2, 16.666624 
64, 960, 960, 128, 3, 1, 3, 16, 1, 16, 2, 1, 20, 1, 0.002048 
64, 960, 960, 128, 3, 1, 3, 16, 1, 32, 1, 1, 10, 1, 20.829216 
64, 960, 960, 128, 3, 1, 3, 16, 1, 32, 1, 2, 10, 1, 0.002048 
64, 960, 960, 128, 3, 1, 3, 16, 1, 32, 1, 1, 10, 2, 0.002048 
64, 960, 960, 128, 3, 1, 3, 32, 1, 32, 1, 1, 10, 1, 18.213888 
64, 960, 960, 128, 3, 1, 4, 2, 1, 8, 4, 1, 30, 1, 23.929855 
64, 960, 960, 128, 3, 1, 4, 2, 1, 16, 2, 1, 15, 1, 22.143999 
64, 960, 960, 128, 3, 1, 4, 2, 1, 16, 2, 2, 15, 1, 25.921535 
64, 960, 960, 128, 3, 1, 4, 2, 1, 16, 2, 1, 15, 2, 23.922655 
64, 960, 960, 128, 3, 1, 4, 4, 1, 8, 4, 1, 30, 1, 0.002080 
64, 960, 960, 128, 3, 1, 4, 4, 1, 16, 2, 1, 15, 1, 24.179712 
64, 960, 960, 128, 3, 1, 4, 4, 1, 16, 2, 2, 15, 1, 0.002048 
64, 960, 960, 128, 3, 1, 4, 4, 1, 16, 2, 1, 15, 2, 0.002048 
64, 960, 960, 128, 3, 1, 4, 8, 1, 8, 4, 1, 30, 1, 0.002048 
64, 960, 960, 128, 3, 1, 4, 8, 1, 16, 2, 1, 15, 1, 17.269760 
64, 960, 960, 128, 3, 1, 4, 8, 1, 16, 2, 2, 15, 1, 0.002048 
64, 960, 960, 128, 3, 1, 4, 8, 1, 16, 2, 1, 15, 2, 0.002048 
64, 960, 960, 128, 3, 1, 4, 16, 1, 16, 2, 1, 15, 1, 14.625792 
64, 960, 960, 128, 3, 1, 5, 2, 1, 8, 4, 1, 24, 1, 22.917120 
64, 960, 960, 128, 3, 1, 5, 2, 1, 16, 2, 1, 12, 1, 22.278145 
64, 960, 960, 128, 3, 1, 5, 2, 1, 16, 2, 2, 12, 1, 24.219616 
64, 960, 960, 128, 3, 1, 5, 2, 1, 16, 2, 1, 12, 2, 22.923264 
64, 960, 960, 128, 3, 1, 5, 2, 1, 32, 1, 1, 6, 1, 31.852575 
64, 960, 960, 128, 3, 1, 5, 2, 1, 32, 1, 2, 6, 1, 23.877632 
64, 960, 960, 128, 3, 1, 5, 2, 1, 32, 1, 1, 6, 2, 22.279200 
64, 960, 960, 128, 3, 1, 5, 2, 1, 32, 1, 2, 6, 2, 24.224768 
64, 960, 960, 128, 3, 1, 5, 2, 1, 32, 1, 1, 6, 4, 22.898657 
64, 960, 960, 128, 3, 1, 5, 4, 1, 8, 4, 1, 24, 1, 16.893951 
64, 960, 960, 128, 3, 1, 5, 4, 1, 16, 2, 1, 12, 1, 15.337472 
64, 960, 960, 128, 3, 1, 5, 4, 1, 16, 2, 2, 12, 1, 16.882689 
64, 960, 960, 128, 3, 1, 5, 4, 1, 16, 2, 1, 12, 2, 16.906240 
64, 960, 960, 128, 3, 1, 5, 4, 1, 32, 1, 1, 6, 1, 20.450304 
64, 960, 960, 128, 3, 1, 5, 4, 1, 32, 1, 2, 6, 1, 15.861760 
64, 960, 960, 128, 3, 1, 5, 4, 1, 32, 1, 1, 6, 2, 15.335392 
64, 960, 960, 128, 3, 1, 5, 4, 1, 32, 1, 2, 6, 2, 16.905216 
64, 960, 960, 128, 3, 1, 5, 4, 1, 32, 1, 1, 6, 4, 16.893951 
64, 960, 960, 128, 3, 1, 5, 8, 1, 8, 4, 1, 24, 1, 0.002048 
64, 960, 960, 128, 3, 1, 5, 8, 1, 16, 2, 1, 12, 1, 18.377695 
64, 960, 960, 128, 3, 1, 5, 8, 1, 16, 2, 2, 12, 1, 0.002048 
64, 960, 960, 128, 3, 1, 5, 8, 1, 16, 2, 1, 12, 2, 0.002048 
64, 960, 960, 128, 3, 1, 5, 8, 1, 32, 1, 1, 6, 1, 15.130656 
64, 960, 960, 128, 3, 1, 5, 8, 1, 32, 1, 2, 6, 1, 19.081217 
64, 960, 960, 128, 3, 1, 5, 8, 1, 32, 1, 1, 6, 2, 18.374624 
64, 960, 960, 128, 3, 1, 5, 8, 1, 32, 1, 2, 6, 2, 0.002048 
64, 960, 960, 128, 3, 1, 5, 8, 1, 32, 1, 1, 6, 4, 0.002080 
64, 960, 960, 128, 3, 1, 5, 16, 1, 16, 2, 1, 12, 1, 14.765024 
64, 960, 960, 128, 3, 1, 5, 16, 1, 32, 1, 1, 6, 1, 14.748640 
64, 960, 960, 128, 3, 1, 5, 16, 1, 32, 1, 2, 6, 1, 15.458304 
64, 960, 960, 128, 3, 1, 5, 16, 1, 32, 1, 1, 6, 2, 14.768128 
64, 960, 960, 128, 3, 1, 5, 32, 1, 32, 1, 1, 6, 1, 53.133282 
64, 960, 960, 128, 3, 1, 5, 32, 1, 32, 1, 2, 6, 1, 1.431520 
64, 960, 960, 128, 3, 1, 6, 2, 1, 8, 4, 1, 20, 1, 22.585312 
64, 960, 960, 128, 3, 1, 6, 2, 1, 16, 2, 1, 10, 1, 17.946625 
64, 960, 960, 128, 3, 1, 6, 2, 1, 16, 2, 2, 10, 1, 23.600128 
64, 960, 960, 128, 3, 1, 6, 2, 1, 16, 2, 1, 10, 2, 22.576128 
64, 960, 960, 128, 3, 1, 6, 2, 1, 32, 1, 1, 5, 1, 36.683777 
64, 960, 960, 128, 3, 1, 6, 2, 1, 32, 1, 2, 5, 1, 25.092096 
64, 960, 960, 128, 3, 1, 6, 2, 1, 32, 1, 1, 5, 2, 17.819649 
64, 960, 960, 128, 3, 1, 6, 2, 1, 32, 1, 2, 5, 2, 23.612385 
64, 960, 960, 128, 3, 1, 6, 2, 1, 32, 1, 1, 5, 4, 22.576128 
64, 960, 960, 128, 3, 1, 6, 4, 1, 8, 4, 1, 20, 1, 16.586752 
64, 960, 960, 128, 3, 1, 6, 4, 1, 16, 2, 1, 10, 1, 15.490048 
64, 960, 960, 128, 3, 1, 6, 4, 1, 16, 2, 2, 10, 1, 17.039328 
64, 960, 960, 128, 3, 1, 6, 4, 1, 16, 2, 1, 10, 2, 16.585728 
64, 960, 960, 128, 3, 1, 6, 4, 1, 32, 1, 1, 5, 1, 20.844543 
64, 960, 960, 128, 3, 1, 6, 4, 1, 32, 1, 2, 5, 1, 16.355328 
64, 960, 960, 128, 3, 1, 6, 4, 1, 32, 1, 1, 5, 2, 15.478784 
64, 960, 960, 128, 3, 1, 6, 4, 1, 32, 1, 2, 5, 2, 17.033216 
64, 960, 960, 128, 3, 1, 6, 4, 1, 32, 1, 1, 5, 4, 16.592896 
64, 960, 960, 128, 3, 1, 6, 8, 1, 8, 4, 1, 20, 1, 0.002048 
64, 960, 960, 128, 3, 1, 6, 8, 1, 16, 2, 1, 10, 1, 20.721664 
64, 960, 960, 128, 3, 1, 6, 8, 1, 16, 2, 2, 10, 1, 0.002048 
64, 960, 960, 128, 3, 1, 6, 8, 1, 16, 2, 1, 10, 2, 0.002048 
64, 960, 960, 128, 3, 1, 6, 8, 1, 32, 1, 1, 5, 1, 16.386047 
64, 960, 960, 128, 3, 1, 6, 8, 1, 32, 1, 2, 5, 1, 21.807072 
64, 960, 960, 128, 3, 1, 6, 8, 1, 32, 1, 1, 5, 2, 20.715521 
64, 960, 960, 128, 3, 1, 6, 8, 1, 32, 1, 2, 5, 2, 0.002048 
64, 960, 960, 128, 3, 1, 6, 8, 1, 32, 1, 1, 5, 4, 0.002048 
64, 960, 960, 128, 3, 1, 6, 16, 1, 16, 2, 1, 10, 1, 17.982464 
64, 960, 960, 128, 3, 1, 6, 16, 1, 32, 1, 1, 5, 1, 16.452608 
64, 960, 960, 128, 3, 1, 6, 16, 1, 32, 1, 2, 5, 1, 19.522560 
64, 960, 960, 128, 3, 1, 6, 16, 1, 32, 1, 1, 5, 2, 17.992704 
64, 960, 960, 128, 3, 1, 6, 32, 1, 32, 1, 1, 5, 1, 89.911293 
64, 960, 960, 128, 3, 1, 6, 32, 1, 32, 1, 2, 5, 1, 1.432576 
64, 960, 960, 128, 3, 1, 8, 2, 1, 8, 4, 1, 15, 1, 24.524769 
64, 960, 960, 128, 3, 1, 8, 4, 1, 8, 4, 1, 15, 1, 17.331200 
64, 960, 960, 128, 3, 1, 8, 8, 1, 8, 4, 1, 15, 1, 14.502912 
64, 960, 960, 128, 3, 1, 10, 2, 1, 8, 4, 1, 12, 1, 15.295488 
64, 960, 960, 128, 3, 1, 10, 2, 1, 16, 2, 1, 6, 1, 20.393984 
64, 960, 960, 128, 3, 1, 10, 2, 1, 16, 2, 2, 6, 1, 15.619072 
64, 960, 960, 128, 3, 1, 10, 2, 1, 16, 2, 1, 6, 2, 15.279104 
64, 960, 960, 128, 3, 1, 10, 2, 1, 32, 1, 1, 3, 1, 42.304512 
64, 960, 960, 128, 3, 1, 10, 2, 1, 32, 1, 2, 3, 1, 30.295008 
64, 960, 960, 128, 3, 1, 10, 2, 1, 32, 1, 1, 3, 2, 20.336639 
64, 960, 960, 128, 3, 1, 10, 2, 1, 32, 1, 2, 3, 2, 15.504384 
64, 960, 960, 128, 3, 1, 10, 2, 1, 32, 1, 1, 3, 4, 15.301632 
64, 960, 960, 128, 3, 1, 10, 4, 1, 8, 4, 1, 12, 1, 18.358303 
64, 960, 960, 128, 3, 1, 10, 4, 1, 16, 2, 1, 6, 1, 15.277056 
64, 960, 960, 128, 3, 1, 10, 4, 1, 16, 2, 2, 6, 1, 18.983969 
64, 960, 960, 128, 3, 1, 10, 4, 1, 16, 2, 1, 6, 2, 18.349056 
64, 960, 960, 128, 3, 1, 10, 4, 1, 32, 1, 1, 3, 1, 23.829504 
64, 960, 960, 128, 3, 1, 10, 4, 1, 32, 1, 2, 3, 1, 18.190369 
64, 960, 960, 128, 3, 1, 10, 4, 1, 32, 1, 1, 3, 2, 15.354880 
64, 960, 960, 128, 3, 1, 10, 4, 1, 32, 1, 2, 3, 2, 18.984928 
64, 960, 960, 128, 3, 1, 10, 4, 1, 32, 1, 1, 3, 4, 18.367489 
64, 960, 960, 128, 3, 1, 10, 8, 1, 8, 4, 1, 12, 1, 14.888992 
64, 960, 960, 128, 3, 1, 10, 8, 1, 16, 2, 1, 6, 1, 15.394816 
64, 960, 960, 128, 3, 1, 10, 8, 1, 16, 2, 2, 6, 1, 15.513600 
64, 960, 960, 128, 3, 1, 10, 8, 1, 16, 2, 1, 6, 2, 14.891040 
64, 960, 960, 128, 3, 1, 10, 8, 1, 32, 1, 1, 3, 1, 18.449375 
64, 960, 960, 128, 3, 1, 10, 8, 1, 32, 1, 2, 3, 1, 15.872000 
64, 960, 960, 128, 3, 1, 10, 8, 1, 32, 1, 1, 3, 2, 15.309824 
64, 960, 960, 128, 3, 1, 10, 8, 1, 32, 1, 2, 3, 2, 15.514592 
64, 960, 960, 128, 3, 1, 10, 8, 1, 32, 1, 1, 3, 4, 14.880768 
64, 960, 960, 128, 3, 1, 10, 16, 1, 16, 2, 1, 6, 1, 66.150398 
64, 960, 960, 128, 3, 1, 10, 16, 1, 32, 1, 1, 3, 1, 68.364288 
64, 960, 960, 128, 3, 1, 10, 16, 1, 32, 1, 2, 3, 1, 66.824188 
64, 960, 960, 128, 3, 1, 10, 16, 1, 32, 1, 1, 3, 2, 65.895424 
64, 960, 960, 128, 3, 1, 12, 2, 1, 8, 4, 1, 10, 1, 15.725568 
64, 960, 960, 128, 3, 1, 12, 2, 1, 16, 2, 1, 5, 1, 20.700159 
64, 960, 960, 128, 3, 1, 12, 2, 1, 16, 2, 2, 5, 1, 16.494593 
64, 960, 960, 128, 3, 1, 12, 2, 1, 16, 2, 1, 5, 2, 15.758336 
64, 960, 960, 128, 3, 1, 12, 4, 1, 8, 4, 1, 10, 1, 20.713472 
64, 960, 960, 128, 3, 1, 12, 4, 1, 16, 2, 1, 5, 1, 16.338943 
64, 960, 960, 128, 3, 1, 12, 4, 1, 16, 2, 2, 5, 1, 21.770241 
64, 960, 960, 128, 3, 1, 12, 4, 1, 16, 2, 1, 5, 2, 20.711424 
64, 960, 960, 128, 3, 1, 12, 8, 1, 8, 4, 1, 10, 1, 18.542624 
64, 960, 960, 128, 3, 1, 12, 8, 1, 16, 2, 1, 5, 1, 16.650240 
64, 960, 960, 128, 3, 1, 12, 8, 1, 16, 2, 2, 5, 1, 19.588097 
64, 960, 960, 128, 3, 1, 12, 8, 1, 16, 2, 1, 5, 2, 18.537472 
64, 960, 960, 128, 3, 1, 12, 16, 1, 16, 2, 1, 5, 1, 65.434624 
64, 960, 960, 128, 3, 1, 15, 2, 1, 8, 4, 1, 8, 1, 16.258047 
64, 960, 960, 128, 3, 1, 15, 2, 1, 16, 2, 1, 4, 1, 22.447104 
64, 960, 960, 128, 3, 1, 15, 2, 1, 16, 2, 2, 4, 1, 17.055744 
64, 960, 960, 128, 3, 1, 15, 2, 1, 16, 2, 1, 4, 2, 16.244736 
64, 960, 960, 128, 3, 1, 15, 2, 1, 32, 1, 1, 2, 1, 34.455551 
64, 960, 960, 128, 3, 1, 15, 2, 1, 32, 1, 2, 2, 1, 36.695042 
64, 960, 960, 128, 3, 1, 15, 2, 1, 32, 1, 1, 2, 2, 22.465536 
64, 960, 960, 128, 3, 1, 15, 2, 1, 32, 1, 2, 2, 2, 17.064960 
64, 960, 960, 128, 3, 1, 15, 2, 1, 32, 1, 1, 2, 4, 16.246784 
64, 960, 960, 128, 3, 1, 15, 4, 1, 8, 4, 1, 8, 1, 12.892160 
64, 960, 960, 128, 3, 1, 15, 4, 1, 16, 2, 1, 4, 1, 14.787584 
64, 960, 960, 128, 3, 1, 15, 4, 1, 16, 2, 2, 4, 1, 13.254656 
64, 960, 960, 128, 3, 1, 15, 4, 1, 16, 2, 1, 4, 2, 12.886048 
64, 960, 960, 128, 3, 1, 15, 4, 1, 32, 1, 1, 2, 1, 26.080256 
64, 960, 960, 128, 3, 1, 15, 4, 1, 32, 1, 2, 2, 1, 19.327999 
64, 960, 960, 128, 3, 1, 15, 4, 1, 32, 1, 1, 2, 2, 14.822400 
64, 960, 960, 128, 3, 1, 15, 4, 1, 32, 1, 2, 2, 2, 13.243392 
64, 960, 960, 128, 3, 1, 15, 4, 1, 32, 1, 1, 2, 4, 12.894208 
64, 960, 960, 128, 3, 1, 15, 8, 1, 8, 4, 1, 8, 1, 64.914429 
64, 960, 960, 128, 3, 1, 15, 8, 1, 16, 2, 1, 4, 1, 92.169212 
64, 960, 960, 128, 3, 1, 15, 8, 1, 16, 2, 2, 4, 1, 73.273346 
64, 960, 960, 128, 3, 1, 15, 8, 1, 16, 2, 1, 4, 2, 65.768448 
64, 960, 960, 128, 3, 1, 15, 8, 1, 32, 1, 1, 2, 1, 71.283714 
64, 960, 960, 128, 3, 1, 15, 8, 1, 32, 1, 2, 2, 1, 73.603073 
64, 960, 960, 128, 3, 1, 15, 8, 1, 32, 1, 1, 2, 2, 91.982819 
64, 960, 960, 128, 3, 1, 15, 8, 1, 32, 1, 2, 2, 2, 73.130013 
64, 960, 960, 128, 3, 1, 15, 8, 1, 32, 1, 1, 2, 4, 65.979393 
64, 960, 960, 128, 3, 1, 20, 2, 1, 8, 4, 1, 6, 1, 17.431553 
64, 960, 960, 128, 3, 1, 20, 2, 1, 16, 2, 1, 3, 1, 23.905279 
64, 960, 960, 128, 3, 1, 20, 2, 1, 16, 2, 2, 3, 1, 18.196480 
64, 960, 960, 128, 3, 1, 20, 2, 1, 16, 2, 1, 3, 2, 17.439745 
64, 960, 960, 128, 3, 1, 20, 4, 1, 8, 4, 1, 6, 1, 15.986688 
64, 960, 960, 128, 3, 1, 20, 4, 1, 16, 2, 1, 3, 1, 18.641953 
64, 960, 960, 128, 3, 1, 20, 4, 1, 16, 2, 2, 3, 1, 15.825888 
64, 960, 960, 128, 3, 1, 20, 4, 1, 16, 2, 1, 3, 2, 15.877120 
64, 960, 960, 128, 3, 1, 20, 8, 1, 8, 4, 1, 6, 1, 50.522114 
64, 960, 960, 128, 3, 1, 20, 8, 1, 16, 2, 1, 3, 1, 53.655552 
64, 960, 960, 128, 3, 1, 20, 8, 1, 16, 2, 2, 3, 1, 51.274754 
64, 960, 960, 128, 3, 1, 20, 8, 1, 16, 2, 1, 3, 2, 50.178047 
64, 960, 960, 128, 3, 1, 24, 2, 1, 8, 4, 1, 5, 1, 20.433920 
64, 960, 960, 128, 3, 1, 24, 4, 1, 8, 4, 1, 5, 1, 20.453377 
64, 960, 960, 128, 3, 1, 24, 8, 1, 8, 4, 1, 5, 1, 52.533249 
64, 960, 960, 128, 3, 1, 30, 2, 1, 8, 4, 1, 4, 1, 19.000320 
64, 960, 960, 128, 3, 1, 30, 2, 1, 16, 2, 1, 2, 1, 26.259457 
64, 960, 960, 128, 3, 1, 30, 2, 1, 16, 2, 2, 2, 1, 20.123648 
64, 960, 960, 128, 3, 1, 30, 2, 1, 16, 2, 1, 2, 2, 19.018751 
64, 960, 960, 128, 3, 1, 30, 2, 1, 32, 1, 1, 1, 1, 281.974762 
64, 960, 960, 128, 3, 1, 30, 2, 1, 32, 1, 2, 1, 1, 42.570751 
64, 960, 960, 128, 3, 1, 30, 2, 1, 32, 1, 1, 1, 2, 26.538977 
64, 960, 960, 128, 3, 1, 30, 2, 1, 32, 1, 2, 1, 2, 20.107264 
64, 960, 960, 128, 3, 1, 30, 2, 1, 32, 1, 1, 1, 4, 18.961409 
64, 960, 960, 128, 3, 1, 30, 4, 1, 8, 4, 1, 4, 1, 18.497568 
64, 960, 960, 128, 3, 1, 30, 4, 1, 16, 2, 1, 2, 1, 27.051008 
64, 960, 960, 128, 3, 1, 30, 4, 1, 16, 2, 2, 2, 1, 19.094528 
64, 960, 960, 128, 3, 1, 30, 4, 1, 16, 2, 1, 2, 2, 18.456545 
64, 960, 960, 128, 3, 1, 30, 4, 1, 32, 1, 1, 1, 1, 113.114113 
64, 960, 960, 128, 3, 1, 30, 4, 1, 32, 1, 2, 1, 1, 37.071873 
64, 960, 960, 128, 3, 1, 30, 4, 1, 32, 1, 1, 1, 2, 27.169792 
64, 960, 960, 128, 3, 1, 30, 4, 1, 32, 1, 2, 1, 2, 19.097601 
64, 960, 960, 128, 3, 1, 30, 4, 1, 32, 1, 1, 1, 4, 18.576384 
64, 960, 960, 128, 3, 1, 40, 2, 1, 8, 4, 1, 3, 1, 24.031263 
64, 960, 960, 128, 3, 1, 40, 4, 1, 8, 4, 1, 3, 1, 31.224833 
64, 960, 960, 128, 3, 1, 60, 2, 1, 8, 4, 1, 2, 1, 28.123137 
64, 960, 960, 128, 3, 1, 60, 2, 1, 16, 2, 1, 1, 1, 155.650009 
64, 960, 960, 128, 3, 1, 60, 2, 1, 16, 2, 2, 1, 1, 29.539328 
64, 960, 960, 128, 3, 1, 60, 2, 1, 16, 2, 1, 1, 2, 28.210176 
128, 182, 182, 16, 3, 1, 7, 2, 1, 1, 32, 1, 26, 1, 0.196608 
128, 182, 182, 16, 3, 1, 7, 2, 1, 2, 16, 1, 13, 1, 0.182272 
128, 182, 182, 16, 3, 1, 7, 2, 1, 2, 16, 2, 13, 1, 0.186368 
128, 182, 182, 16, 3, 1, 7, 2, 1, 2, 16, 1, 13, 2, 0.195552 
128, 182, 182, 16, 3, 1, 7, 4, 1, 2, 16, 1, 13, 1, 0.215008 
128, 182, 182, 16, 3, 1, 7, 4, 1, 2, 16, 2, 13, 1, 0.002048 
128, 182, 182, 16, 3, 1, 13, 2, 1, 1, 32, 1, 14, 1, 0.205824 
128, 182, 182, 16, 3, 1, 13, 2, 1, 2, 16, 1, 7, 1, 0.180256 
128, 182, 182, 16, 3, 1, 13, 2, 1, 2, 16, 2, 7, 1, 0.196608 
128, 182, 182, 16, 3, 1, 13, 2, 1, 2, 16, 1, 7, 2, 0.206848 
128, 182, 182, 16, 3, 1, 13, 4, 1, 2, 16, 1, 7, 1, 0.174080 
128, 182, 182, 16, 3, 1, 13, 4, 1, 2, 16, 2, 7, 1, 0.203744 
128, 182, 182, 16, 3, 1, 14, 2, 1, 1, 32, 1, 13, 1, 0.214016 
128, 182, 182, 16, 3, 1, 26, 2, 1, 1, 32, 1, 7, 1, 0.177152 
1024, 80, 80, 3, 3, 1, 1, 2, 1, 4, 8, 1, 20, 1, 0.265248 
1024, 80, 80, 3, 3, 1, 1, 2, 1, 8, 4, 1, 10, 1, 0.185312 
1024, 80, 80, 3, 3, 1, 1, 2, 1, 8, 4, 2, 10, 1, 0.244736 
1024, 80, 80, 3, 3, 1, 1, 2, 1, 8, 4, 1, 10, 2, 0.265216 
1024, 80, 80, 3, 3, 1, 1, 2, 1, 16, 2, 1, 5, 1, 0.165856 
1024, 80, 80, 3, 3, 1, 1, 2, 1, 16, 2, 2, 5, 1, 0.178144 
1024, 80, 80, 3, 3, 1, 1, 2, 1, 16, 2, 4, 5, 1, 0.231424 
1024, 80, 80, 3, 3, 1, 1, 2, 1, 16, 2, 5, 5, 1, 0.212992 
1024, 80, 80, 3, 3, 1, 1, 2, 1, 16, 2, 1, 5, 2, 0.188416 
1024, 80, 80, 3, 3, 1, 1, 2, 1, 16, 2, 2, 5, 2, 0.243712 
1024, 80, 80, 3, 3, 1, 1, 2, 1, 16, 2, 1, 5, 4, 0.267296 
1024, 80, 80, 3, 3, 1, 1, 4, 1, 4, 8, 1, 20, 1, 0.189440 
1024, 80, 80, 3, 3, 1, 1, 4, 1, 8, 4, 1, 10, 1, 0.161792 
1024, 80, 80, 3, 3, 1, 1, 4, 1, 8, 4, 2, 10, 1, 0.172032 
1024, 80, 80, 3, 3, 1, 1, 4, 1, 8, 4, 1, 10, 2, 0.188416 
1024, 80, 80, 3, 3, 1, 1, 4, 1, 16, 2, 1, 5, 1, 0.125984 
1024, 80, 80, 3, 3, 1, 1, 4, 1, 16, 2, 2, 5, 1, 0.135168 
1024, 80, 80, 3, 3, 1, 1, 4, 1, 16, 2, 4, 5, 1, 0.145408 
1024, 80, 80, 3, 3, 1, 1, 4, 1, 16, 2, 5, 5, 1, 0.138208 
1024, 80, 80, 3, 3, 1, 1, 4, 1, 16, 2, 1, 5, 2, 0.160768 
1024, 80, 80, 3, 3, 1, 1, 4, 1, 16, 2, 2, 5, 2, 0.172032 
1024, 80, 80, 3, 3, 1, 1, 4, 1, 16, 2, 1, 5, 4, 0.187360 
1024, 80, 80, 3, 3, 1, 1, 8, 1, 4, 8, 1, 20, 1, 0.206848 
1024, 80, 80, 3, 3, 1, 1, 8, 1, 8, 4, 1, 10, 1, 0.129024 
1024, 80, 80, 3, 3, 1, 1, 8, 1, 8, 4, 2, 10, 1, 0.136192 
1024, 80, 80, 3, 3, 1, 1, 8, 1, 8, 4, 1, 10, 2, 0.205856 
1024, 80, 80, 3, 3, 1, 1, 8, 1, 16, 2, 1, 5, 1, 0.105472 
1024, 80, 80, 3, 3, 1, 1, 8, 1, 16, 2, 2, 5, 1, 0.100352 
1024, 80, 80, 3, 3, 1, 1, 8, 1, 16, 2, 4, 5, 1, 0.104448 
1024, 80, 80, 3, 3, 1, 1, 8, 1, 16, 2, 5, 5, 1, 0.003104 
1024, 80, 80, 3, 3, 1, 1, 8, 1, 16, 2, 1, 5, 2, 0.130048 
1024, 80, 80, 3, 3, 1, 1, 8, 1, 16, 2, 2, 5, 2, 0.136192 
1024, 80, 80, 3, 3, 1, 1, 8, 1, 16, 2, 1, 5, 4, 0.205792 
1024, 80, 80, 3, 3, 1, 1, 16, 1, 4, 8, 1, 20, 1, 0.302080 
1024, 80, 80, 3, 3, 1, 1, 16, 1, 8, 4, 1, 10, 1, 0.161792 
1024, 80, 80, 3, 3, 1, 1, 16, 1, 8, 4, 2, 10, 1, 0.172000 
1024, 80, 80, 3, 3, 1, 1, 16, 1, 8, 4, 1, 10, 2, 0.303072 
1024, 80, 80, 3, 3, 1, 1, 16, 1, 16, 2, 1, 5, 1, 0.079904 
1024, 80, 80, 3, 3, 1, 1, 16, 1, 16, 2, 2, 5, 1, 0.079872 
1024, 80, 80, 3, 3, 1, 1, 16, 1, 16, 2, 4, 5, 1, 0.086016 
1024, 80, 80, 3, 3, 1, 1, 16, 1, 16, 2, 5, 5, 1, 0.003072 
1024, 80, 80, 3, 3, 1, 1, 16, 1, 16, 2, 1, 5, 2, 0.172032 
1024, 80, 80, 3, 3, 1, 1, 16, 1, 16, 2, 2, 5, 2, 0.172032 
1024, 80, 80, 3, 3, 1, 1, 16, 1, 16, 2, 1, 5, 4, 0.302048 
1024, 80, 80, 3, 3, 1, 1, 32, 1, 4, 8, 1, 20, 1, 0.002016 
1024, 80, 80, 3, 3, 1, 1, 32, 1, 8, 4, 1, 10, 1, 0.292864 
1024, 80, 80, 3, 3, 1, 1, 32, 1, 8, 4, 2, 10, 1, 0.002048 
1024, 80, 80, 3, 3, 1, 1, 32, 1, 8, 4, 1, 10, 2, 0.002048 
1024, 80, 80, 3, 3, 1, 1, 32, 1, 16, 2, 1, 5, 1, 0.101376 
1024, 80, 80, 3, 3, 1, 1, 32, 1, 16, 2, 2, 5, 1, 0.119840 
1024, 80, 80, 3, 3, 1, 1, 32, 1, 16, 2, 4, 5, 1, 0.003104 
1024, 80, 80, 3, 3, 1, 1, 32, 1, 16, 2, 5, 5, 1, 0.002048 
1024, 80, 80, 3, 3, 1, 1, 32, 1, 16, 2, 1, 5, 2, 0.292896 
1024, 80, 80, 3, 3, 1, 1, 32, 1, 16, 2, 2, 5, 2, 0.002048 
1024, 80, 80, 3, 3, 1, 1, 32, 1, 16, 2, 1, 5, 4, 0.003072 
1024, 80, 80, 3, 3, 1, 1, 64, 1, 4, 8, 1, 20, 1, 0.003040 
1024, 80, 80, 3, 3, 1, 1, 64, 1, 8, 4, 1, 10, 1, 0.437248 
1024, 80, 80, 3, 3, 1, 1, 64, 1, 8, 4, 2, 10, 1, 0.003104 
1024, 80, 80, 3, 3, 1, 1, 64, 1, 8, 4, 1, 10, 2, 0.003072 
1024, 80, 80, 3, 3, 1, 1, 64, 1, 16, 2, 1, 5, 1, 0.113696 
1024, 80, 80, 3, 3, 1, 1, 64, 1, 16, 2, 2, 5, 1, 0.115680 
1024, 80, 80, 3, 3, 1, 1, 64, 1, 16, 2, 4, 5, 1, 0.002048 
1024, 80, 80, 3, 3, 1, 1, 64, 1, 16, 2, 5, 5, 1, 0.002048 
1024, 80, 80, 3, 3, 1, 1, 64, 1, 16, 2, 1, 5, 2, 0.435232 
1024, 80, 80, 3, 3, 1, 1, 64, 1, 16, 2, 2, 5, 2, 0.003072 
1024, 80, 80, 3, 3, 1, 1, 64, 1, 16, 2, 1, 5, 4, 0.002048 
1024, 80, 80, 3, 3, 1, 2, 2, 1, 2, 16, 1, 20, 1, 0.175104 
1024, 80, 80, 3, 3, 1, 2, 2, 1, 4, 8, 1, 10, 1, 0.114688 
1024, 80, 80, 3, 3, 1, 2, 2, 1, 4, 8, 2, 10, 1, 0.158688 
1024, 80, 80, 3, 3, 1, 2, 2, 1, 4, 8, 1, 10, 2, 0.175136 
1024, 80, 80, 3, 3, 1, 2, 2, 1, 8, 4, 1, 5, 1, 0.116704 
1024, 80, 80, 3, 3, 1, 2, 2, 1, 8, 4, 2, 5, 1, 0.112640 
1024, 80, 80, 3, 3, 1, 2, 2, 1, 8, 4, 4, 5, 1, 0.141312 
1024, 80, 80, 3, 3, 1, 2, 2, 1, 8, 4, 5, 5, 1, 0.134144 
1024, 80, 80, 3, 3, 1, 2, 2, 1, 8, 4, 1, 5, 2, 0.114688 
1024, 80, 80, 3, 3, 1, 2, 2, 1, 8, 4, 2, 5, 2, 0.159744 
1024, 80, 80, 3, 3, 1, 2, 2, 1, 8, 4, 1, 5, 4, 0.176128 
1024, 80, 80, 3, 3, 1, 2, 4, 1, 2, 16, 1, 20, 1, 0.135168 
1024, 80, 80, 3, 3, 1, 2, 4, 1, 4, 8, 1, 10, 1, 0.105504 
1024, 80, 80, 3, 3, 1, 2, 4, 1, 4, 8, 2, 10, 1, 0.116704 
1024, 80, 80, 3, 3, 1, 2, 4, 1, 4, 8, 1, 10, 2, 0.136192 
1024, 80, 80, 3, 3, 1, 2, 4, 1, 8, 4, 1, 5, 1, 0.092192 
1024, 80, 80, 3, 3, 1, 2, 4, 1, 8, 4, 2, 5, 1, 0.098304 
1024, 80, 80, 3, 3, 1, 2, 4, 1, 8, 4, 4, 5, 1, 0.102368 
1024, 80, 80, 3, 3, 1, 2, 4, 1, 8, 4, 5, 5, 1, 0.100352 
1024, 80, 80, 3, 3, 1, 2, 4, 1, 8, 4, 1, 5, 2, 0.105472 
1024, 80, 80, 3, 3, 1, 2, 4, 1, 8, 4, 2, 5, 2, 0.116704 
1024, 80, 80, 3, 3, 1, 2, 4, 1, 8, 4, 1, 5, 4, 0.136160 
1024, 80, 80, 3, 3, 1, 2, 8, 1, 2, 16, 1, 20, 1, 0.138208 
1024, 80, 80, 3, 3, 1, 2, 8, 1, 4, 8, 1, 10, 1, 0.109568 
1024, 80, 80, 3, 3, 1, 2, 8, 1, 4, 8, 2, 10, 1, 0.119840 
1024, 80, 80, 3, 3, 1, 2, 8, 1, 4, 8, 1, 10, 2, 0.138240 
1024, 80, 80, 3, 3, 1, 2, 8, 1, 8, 4, 1, 5, 1, 0.077792 
1024, 80, 80, 3, 3, 1, 2, 8, 1, 8, 4, 2, 5, 1, 0.077824 
1024, 80, 80, 3, 3, 1, 2, 8, 1, 8, 4, 4, 5, 1, 0.084992 
1024, 80, 80, 3, 3, 1, 2, 8, 1, 8, 4, 5, 5, 1, 0.002048 
1024, 80, 80, 3, 3, 1, 2, 8, 1, 8, 4, 1, 5, 2, 0.109568 
1024, 80, 80, 3, 3, 1, 2, 8, 1, 8, 4, 2, 5, 2, 0.119808 
1024, 80, 80, 3, 3, 1, 2, 8, 1, 8, 4, 1, 5, 4, 0.139232 
1024, 80, 80, 3, 3, 1, 2, 16, 1, 2, 16, 1, 20, 1, 0.260096 
1024, 80, 80, 3, 3, 1, 2, 16, 1, 4, 8, 1, 10, 1, 0.159744 
1024, 80, 80, 3, 3, 1, 2, 16, 1, 4, 8, 2, 10, 1, 0.167936 
1024, 80, 80, 3, 3, 1, 2, 16, 1, 4, 8, 1, 10, 2, 0.256032 
1024, 80, 80, 3, 3, 1, 2, 16, 1, 8, 4, 1, 5, 1, 0.091104 
1024, 80, 80, 3, 3, 1, 2, 16, 1, 8, 4, 2, 5, 1, 0.095232 
1024, 80, 80, 3, 3, 1, 2, 16, 1, 8, 4, 4, 5, 1, 0.101376 
1024, 80, 80, 3, 3, 1, 2, 16, 1, 8, 4, 5, 5, 1, 0.002048 
1024, 80, 80, 3, 3, 1, 2, 16, 1, 8, 4, 1, 5, 2, 0.156672 
1024, 80, 80, 3, 3, 1, 2, 16, 1, 8, 4, 2, 5, 2, 0.167936 
1024, 80, 80, 3, 3, 1, 2, 16, 1, 8, 4, 1, 5, 4, 0.260096 
1024, 80, 80, 3, 3, 1, 2, 32, 1, 2, 16, 1, 20, 1, 0.002048 
1024, 80, 80, 3, 3, 1, 2, 32, 1, 4, 8, 1, 10, 1, 0.375840 
1024, 80, 80, 3, 3, 1, 2, 32, 1, 4, 8, 2, 10, 1, 0.002080 
1024, 80, 80, 3, 3, 1, 2, 32, 1, 4, 8, 1, 10, 2, 0.003072 
1024, 80, 80, 3, 3, 1, 2, 32, 1, 8, 4, 1, 5, 1, 0.149536 
1024, 80, 80, 3, 3, 1, 2, 32, 1, 8, 4, 2, 5, 1, 0.162816 
1024, 80, 80, 3, 3, 1, 2, 32, 1, 8, 4, 4, 5, 1, 0.002016 
1024, 80, 80, 3, 3, 1, 2, 32, 1, 8, 4, 5, 5, 1, 0.002048 
1024, 80, 80, 3, 3, 1, 2, 32, 1, 8, 4, 1, 5, 2, 0.377856 
1024, 80, 80, 3, 3, 1, 2, 32, 1, 8, 4, 2, 5, 2, 0.002048 
1024, 80, 80, 3, 3, 1, 2, 32, 1, 8, 4, 1, 5, 4, 0.002048 
1024, 80, 80, 3, 3, 1, 2, 64, 1, 4, 8, 1, 10, 1, 0.589792 
1024, 80, 80, 3, 3, 1, 2, 64, 1, 8, 4, 1, 5, 1, 0.515072 
1024, 80, 80, 3, 3, 1, 2, 64, 1, 8, 4, 2, 5, 1, 0.494624 
1024, 80, 80, 3, 3, 1, 2, 64, 1, 8, 4, 1, 5, 2, 0.591872 
1024, 80, 80, 3, 3, 1, 4, 2, 1, 1, 32, 1, 20, 1, 0.124960 
1024, 80, 80, 3, 3, 1, 4, 2, 1, 2, 16, 1, 10, 1, 0.083968 
1024, 80, 80, 3, 3, 1, 4, 2, 1, 2, 16, 2, 10, 1, 0.112608 
1024, 80, 80, 3, 3, 1, 4, 2, 1, 2, 16, 1, 10, 2, 0.124896 
1024, 80, 80, 3, 3, 1, 4, 2, 1, 4, 8, 1, 5, 1, 0.081920 
1024, 80, 80, 3, 3, 1, 4, 2, 1, 4, 8, 2, 5, 1, 0.082976 
1024, 80, 80, 3, 3, 1, 4, 2, 1, 4, 8, 4, 5, 1, 0.102432 
1024, 80, 80, 3, 3, 1, 4, 2, 1, 4, 8, 5, 5, 1, 0.095232 
1024, 80, 80, 3, 3, 1, 4, 2, 1, 4, 8, 1, 5, 2, 0.083968 
1024, 80, 80, 3, 3, 1, 4, 2, 1, 4, 8, 2, 5, 2, 0.119840 
1024, 80, 80, 3, 3, 1, 4, 2, 1, 4, 8, 1, 5, 4, 0.125952 
1024, 80, 80, 3, 3, 1, 4, 4, 1, 1, 32, 1, 20, 1, 0.103424 
1024, 80, 80, 3, 3, 1, 4, 4, 1, 2, 16, 1, 10, 1, 0.083968 
1024, 80, 80, 3, 3, 1, 4, 4, 1, 2, 16, 2, 10, 1, 0.092160 
1024, 80, 80, 3, 3, 1, 4, 4, 1, 2, 16, 1, 10, 2, 0.103424 
1024, 80, 80, 3, 3, 1, 4, 4, 1, 4, 8, 1, 5, 1, 0.068576 
1024, 80, 80, 3, 3, 1, 4, 4, 1, 4, 8, 2, 5, 1, 0.080896 
1024, 80, 80, 3, 3, 1, 4, 4, 1, 4, 8, 4, 5, 1, 0.085024 
1024, 80, 80, 3, 3, 1, 4, 4, 1, 4, 8, 5, 5, 1, 0.086016 
1024, 80, 80, 3, 3, 1, 4, 4, 1, 4, 8, 1, 5, 2, 0.084000 
1024, 80, 80, 3, 3, 1, 4, 4, 1, 4, 8, 2, 5, 2, 0.093152 
1024, 80, 80, 3, 3, 1, 4, 4, 1, 4, 8, 1, 5, 4, 0.103392 
1024, 80, 80, 3, 3, 1, 4, 8, 1, 1, 32, 1, 20, 1, 0.101344 
1024, 80, 80, 3, 3, 1, 4, 8, 1, 2, 16, 1, 10, 1, 0.080864 
1024, 80, 80, 3, 3, 1, 4, 8, 1, 2, 16, 2, 10, 1, 0.088064 
1024, 80, 80, 3, 3, 1, 4, 8, 1, 2, 16, 1, 10, 2, 0.102432 
1024, 80, 80, 3, 3, 1, 4, 8, 1, 4, 8, 1, 5, 1, 0.073696 
1024, 80, 80, 3, 3, 1, 4, 8, 1, 4, 8, 2, 5, 1, 0.076832 
1024, 80, 80, 3, 3, 1, 4, 8, 1, 4, 8, 4, 5, 1, 0.080864 
1024, 80, 80, 3, 3, 1, 4, 8, 1, 4, 8, 5, 5, 1, 0.002048 
1024, 80, 80, 3, 3, 1, 4, 8, 1, 4, 8, 1, 5, 2, 0.088064 
1024, 80, 80, 3, 3, 1, 4, 8, 1, 4, 8, 2, 5, 2, 0.088064 
1024, 80, 80, 3, 3, 1, 4, 8, 1, 4, 8, 1, 5, 4, 0.101376 
1024, 80, 80, 3, 3, 1, 4, 16, 1, 1, 32, 1, 20, 1, 0.002048 
1024, 80, 80, 3, 3, 1, 4, 16, 1, 2, 16, 1, 10, 1, 0.192544 
1024, 80, 80, 3, 3, 1, 4, 16, 1, 2, 16, 2, 10, 1, 0.002048 
1024, 80, 80, 3, 3, 1, 4, 16, 1, 2, 16, 1, 10, 2, 0.002048 
1024, 80, 80, 3, 3, 1, 4, 16, 1, 4, 8, 1, 5, 1, 0.098304 
1024, 80, 80, 3, 3, 1, 4, 16, 1, 4, 8, 2, 5, 1, 0.113632 
1024, 80, 80, 3, 3, 1, 4, 16, 1, 4, 8, 4, 5, 1, 0.002048 
1024, 80, 80, 3, 3, 1, 4, 16, 1, 4, 8, 5, 5, 1, 0.002016 
1024, 80, 80, 3, 3, 1, 4, 16, 1, 4, 8, 1, 5, 2, 0.192544 
1024, 80, 80, 3, 3, 1, 4, 16, 1, 4, 8, 2, 5, 2, 0.002048 
1024, 80, 80, 3, 3, 1, 4, 16, 1, 4, 8, 1, 5, 4, 0.002048 
1024, 80, 80, 3, 3, 1, 4, 32, 1, 2, 16, 1, 10, 1, 0.432128 
1024, 80, 80, 3, 3, 1, 4, 32, 1, 4, 8, 1, 5, 1, 0.474144 
1024, 80, 80, 3, 3, 1, 4, 32, 1, 4, 8, 2, 5, 1, 0.448512 
1024, 80, 80, 3, 3, 1, 4, 32, 1, 4, 8, 1, 5, 2, 0.438272 
1024, 80, 80, 3, 3, 1, 5, 2, 1, 1, 32, 1, 16, 1, 0.117760 
1024, 80, 80, 3, 3, 1, 5, 2, 1, 1, 32, 2, 16, 1, 0.157696 
1024, 80, 80, 3, 3, 1, 5, 2, 1, 1, 32, 1, 16, 2, 0.150528 
1024, 80, 80, 3, 3, 1, 5, 2, 1, 2, 16, 1, 8, 1, 0.083968 
1024, 80, 80, 3, 3, 1, 5, 2, 1, 2, 16, 2, 8, 1, 0.102432 
1024, 80, 80, 3, 3, 1, 5, 2, 1, 2, 16, 4, 8, 1, 0.111616 
1024, 80, 80, 3, 3, 1, 5, 2, 1, 2, 16, 1, 8, 2, 0.117760 
1024, 80, 80, 3, 3, 1, 5, 2, 1, 2, 16, 2, 8, 2, 0.157696 
1024, 80, 80, 3, 3, 1, 5, 2, 1, 2, 16, 1, 8, 4, 0.150528 
1024, 80, 80, 3, 3, 1, 5, 2, 1, 4, 8, 1, 4, 1, 0.076800 
1024, 80, 80, 3, 3, 1, 5, 2, 1, 4, 8, 2, 4, 1, 0.078848 
1024, 80, 80, 3, 3, 1, 5, 2, 1, 4, 8, 4, 4, 1, 0.081920 
1024, 80, 80, 3, 3, 1, 5, 2, 1, 4, 8, 5, 4, 1, 0.088032 
1024, 80, 80, 3, 3, 1, 5, 2, 1, 4, 8, 8, 4, 1, 0.092160 
1024, 80, 80, 3, 3, 1, 5, 2, 1, 4, 8, 1, 4, 2, 0.082912 
1024, 80, 80, 3, 3, 1, 5, 2, 1, 4, 8, 2, 4, 2, 0.103392 
1024, 80, 80, 3, 3, 1, 5, 2, 1, 4, 8, 4, 4, 2, 0.111584 
1024, 80, 80, 3, 3, 1, 5, 2, 1, 4, 8, 1, 4, 4, 0.116736 
1024, 80, 80, 3, 3, 1, 5, 2, 1, 4, 8, 2, 4, 4, 0.157696 
1024, 80, 80, 3, 3, 1, 5, 2, 1, 4, 8, 1, 4, 8, 0.150560 
1024, 80, 80, 3, 3, 1, 5, 2, 1, 8, 4, 1, 2, 1, 0.073728 
1024, 80, 80, 3, 3, 1, 5, 2, 1, 8, 4, 2, 2, 1, 0.083968 
1024, 80, 80, 3, 3, 1, 5, 2, 1, 8, 4, 4, 2, 1, 0.074752 
1024, 80, 80, 3, 3, 1, 5, 2, 1, 8, 4, 5, 2, 1, 0.074752 
1024, 80, 80, 3, 3, 1, 5, 2, 1, 8, 4, 8, 2, 1, 0.075776 
1024, 80, 80, 3, 3, 1, 5, 2, 1, 8, 4, 10, 2, 1, 0.091136 
1024, 80, 80, 3, 3, 1, 5, 2, 1, 8, 4, 16, 2, 1, 0.088064 
1024, 80, 80, 3, 3, 1, 5, 2, 1, 8, 4, 1, 2, 2, 0.076800 
1024, 80, 80, 3, 3, 1, 5, 2, 1, 8, 4, 2, 2, 2, 0.079872 
1024, 80, 80, 3, 3, 1, 5, 2, 1, 8, 4, 4, 2, 2, 0.081920 
1024, 80, 80, 3, 3, 1, 5, 2, 1, 8, 4, 5, 2, 2, 0.090080 
1024, 80, 80, 3, 3, 1, 5, 2, 1, 8, 4, 8, 2, 2, 0.092160 
1024, 80, 80, 3, 3, 1, 5, 2, 1, 8, 4, 1, 2, 4, 0.083968 
1024, 80, 80, 3, 3, 1, 5, 2, 1, 8, 4, 2, 2, 4, 0.103456 
1024, 80, 80, 3, 3, 1, 5, 2, 1, 8, 4, 4, 2, 4, 0.111616 
1024, 80, 80, 3, 3, 1, 5, 2, 1, 8, 4, 1, 2, 8, 0.121856 
1024, 80, 80, 3, 3, 1, 5, 2, 1, 8, 4, 2, 2, 8, 0.158688 
1024, 80, 80, 3, 3, 1, 5, 2, 1, 8, 4, 1, 2, 16, 0.150528 
1024, 80, 80, 3, 3, 1, 5, 2, 1, 16, 2, 1, 1, 1, 0.087040 
1024, 80, 80, 3, 3, 1, 5, 2, 1, 16, 2, 2, 1, 1, 0.072704 
1024, 80, 80, 3, 3, 1, 5, 2, 1, 16, 2, 4, 1, 1, 0.072704 
1024, 80, 80, 3, 3, 1, 5, 2, 1, 16, 2, 5, 1, 1, 0.073728 
1024, 80, 80, 3, 3, 1, 5, 2, 1, 16, 2, 8, 1, 1, 0.068608 
1024, 80, 80, 3, 3, 1, 5, 2, 1, 16, 2, 10, 1, 1, 0.072672 
1024, 80, 80, 3, 3, 1, 5, 2, 1, 16, 2, 16, 1, 1, 0.073728 
1024, 80, 80, 3, 3, 1, 5, 2, 1, 16, 2, 20, 1, 1, 0.094208 
1024, 80, 80, 3, 3, 1, 5, 2, 1, 16, 2, 1, 1, 2, 0.075808 
1024, 80, 80, 3, 3, 1, 5, 2, 1, 16, 2, 2, 1, 2, 0.075744 
1024, 80, 80, 3, 3, 1, 5, 2, 1, 16, 2, 4, 1, 2, 0.073728 
1024, 80, 80, 3, 3, 1, 5, 2, 1, 16, 2, 5, 1, 2, 0.074720 
1024, 80, 80, 3, 3, 1, 5, 2, 1, 16, 2, 8, 1, 2, 0.075776 
1024, 80, 80, 3, 3, 1, 5, 2, 1, 16, 2, 10, 1, 2, 0.092160 
1024, 80, 80, 3, 3, 1, 5, 2, 1, 16, 2, 16, 1, 2, 0.087072 
1024, 80, 80, 3, 3, 1, 5, 2, 1, 16, 2, 1, 1, 4, 0.076832 
1024, 80, 80, 3, 3, 1, 5, 2, 1, 16, 2, 2, 1, 4, 0.078848 
1024, 80, 80, 3, 3, 1, 5, 2, 1, 16, 2, 4, 1, 4, 0.081920 
1024, 80, 80, 3, 3, 1, 5, 2, 1, 16, 2, 5, 1, 4, 0.088032 
1024, 80, 80, 3, 3, 1, 5, 2, 1, 16, 2, 8, 1, 4, 0.091168 
1024, 80, 80, 3, 3, 1, 5, 2, 1, 16, 2, 1, 1, 8, 0.083968 
1024, 80, 80, 3, 3, 1, 5, 2, 1, 16, 2, 2, 1, 8, 0.104448 
1024, 80, 80, 3, 3, 1, 5, 2, 1, 16, 2, 4, 1, 8, 0.110592 
1024, 80, 80, 3, 3, 1, 5, 2, 1, 16, 2, 1, 1, 16, 0.117728 
1024, 80, 80, 3, 3, 1, 5, 2, 1, 16, 2, 2, 1, 16, 0.158720 
1024, 80, 80, 3, 3, 1, 5, 2, 1, 16, 2, 1, 1, 32, 0.150528 
1024, 80, 80, 3, 3, 1, 5, 4, 1, 1, 32, 1, 16, 1, 0.120832 
1024, 80, 80, 3, 3, 1, 5, 4, 1, 1, 32, 2, 16, 1, 0.002048 
1024, 80, 80, 3, 3, 1, 5, 4, 1, 1, 32, 1, 16, 2, 0.003040 
1024, 80, 80, 3, 3, 1, 5, 4, 1, 2, 16, 1, 8, 1, 0.075776 
1024, 80, 80, 3, 3, 1, 5, 4, 1, 2, 16, 2, 8, 1, 0.106528 
1024, 80, 80, 3, 3, 1, 5, 4, 1, 2, 16, 4, 8, 1, 0.002048 
1024, 80, 80, 3, 3, 1, 5, 4, 1, 2, 16, 1, 8, 2, 0.119808 
1024, 80, 80, 3, 3, 1, 5, 4, 1, 2, 16, 2, 8, 2, 0.002048 
1024, 80, 80, 3, 3, 1, 5, 4, 1, 2, 16, 1, 8, 4, 0.002048 
1024, 80, 80, 3, 3, 1, 5, 4, 1, 4, 8, 1, 4, 1, 0.061440 
1024, 80, 80, 3, 3, 1, 5, 4, 1, 4, 8, 2, 4, 1, 0.071680 
1024, 80, 80, 3, 3, 1, 5, 4, 1, 4, 8, 4, 4, 1, 0.083968 
1024, 80, 80, 3, 3, 1, 5, 4, 1, 4, 8, 5, 4, 1, 0.081920 
1024, 80, 80, 3, 3, 1, 5, 4, 1, 4, 8, 8, 4, 1, 0.002048 
1024, 80, 80, 3, 3, 1, 5, 4, 1, 4, 8, 1, 4, 2, 0.076800 
1024, 80, 80, 3, 3, 1, 5, 4, 1, 4, 8, 2, 4, 2, 0.106496 
1024, 80, 80, 3, 3, 1, 5, 4, 1, 4, 8, 4, 4, 2, 0.002048 
1024, 80, 80, 3, 3, 1, 5, 4, 1, 4, 8, 1, 4, 4, 0.120864 
1024, 80, 80, 3, 3, 1, 5, 4, 1, 4, 8, 2, 4, 4, 0.002048 
1024, 80, 80, 3, 3, 1, 5, 4, 1, 4, 8, 1, 4, 8, 0.003072 
1024, 80, 80, 3, 3, 1, 5, 4, 1, 8, 4, 1, 2, 1, 0.062496 
1024, 80, 80, 3, 3, 1, 5, 4, 1, 8, 4, 2, 2, 1, 0.063488 
1024, 80, 80, 3, 3, 1, 5, 4, 1, 8, 4, 4, 2, 1, 0.066560 
1024, 80, 80, 3, 3, 1, 5, 4, 1, 8, 4, 5, 2, 1, 0.070656 
1024, 80, 80, 3, 3, 1, 5, 4, 1, 8, 4, 8, 2, 1, 0.079872 
1024, 80, 80, 3, 3, 1, 5, 4, 1, 8, 4, 10, 2, 1, 0.081920 
1024, 80, 80, 3, 3, 1, 5, 4, 1, 8, 4, 16, 2, 1, 0.002048 
1024, 80, 80, 3, 3, 1, 5, 4, 1, 8, 4, 1, 2, 2, 0.062464 
1024, 80, 80, 3, 3, 1, 5, 4, 1, 8, 4, 2, 2, 2, 0.072672 
1024, 80, 80, 3, 3, 1, 5, 4, 1, 8, 4, 4, 2, 2, 0.083936 
1024, 80, 80, 3, 3, 1, 5, 4, 1, 8, 4, 5, 2, 2, 0.081920 
1024, 80, 80, 3, 3, 1, 5, 4, 1, 8, 4, 8, 2, 2, 0.002048 
1024, 80, 80, 3, 3, 1, 5, 4, 1, 8, 4, 1, 2, 4, 0.077824 
1024, 80, 80, 3, 3, 1, 5, 4, 1, 8, 4, 2, 2, 4, 0.106496 
1024, 80, 80, 3, 3, 1, 5, 4, 1, 8, 4, 4, 2, 4, 0.002048 
1024, 80, 80, 3, 3, 1, 5, 4, 1, 8, 4, 1, 2, 8, 0.120832 
1024, 80, 80, 3, 3, 1, 5, 4, 1, 8, 4, 2, 2, 8, 0.002048 
1024, 80, 80, 3, 3, 1, 5, 4, 1, 8, 4, 1, 2, 16, 0.002080 
1024, 80, 80, 3, 3, 1, 5, 4, 1, 16, 2, 1, 1, 1, 0.067584 
1024, 80, 80, 3, 3, 1, 5, 4, 1, 16, 2, 2, 1, 1, 0.061408 
1024, 80, 80, 3, 3, 1, 5, 4, 1, 16, 2, 4, 1, 1, 0.060416 
1024, 80, 80, 3, 3, 1, 5, 4, 1, 16, 2, 5, 1, 1, 0.062464 
1024, 80, 80, 3, 3, 1, 5, 4, 1, 16, 2, 8, 1, 1, 0.062432 
1024, 80, 80, 3, 3, 1, 5, 4, 1, 16, 2, 10, 1, 1, 0.068608 
1024, 80, 80, 3, 3, 1, 5, 4, 1, 16, 2, 16, 1, 1, 0.081888 
1024, 80, 80, 3, 3, 1, 5, 4, 1, 16, 2, 20, 1, 1, 0.083936 
1024, 80, 80, 3, 3, 1, 5, 4, 1, 16, 2, 1, 1, 2, 0.061440 
1024, 80, 80, 3, 3, 1, 5, 4, 1, 16, 2, 2, 1, 2, 0.063488 
1024, 80, 80, 3, 3, 1, 5, 4, 1, 16, 2, 4, 1, 2, 0.066592 
1024, 80, 80, 3, 3, 1, 5, 4, 1, 16, 2, 5, 1, 2, 0.070656 
1024, 80, 80, 3, 3, 1, 5, 4, 1, 16, 2, 8, 1, 2, 0.080864 
1024, 80, 80, 3, 3, 1, 5, 4, 1, 16, 2, 10, 1, 2, 0.079872 
1024, 80, 80, 3, 3, 1, 5, 4, 1, 16, 2, 16, 1, 2, 0.002048 
1024, 80, 80, 3, 3, 1, 5, 4, 1, 16, 2, 1, 1, 4, 0.062464 
1024, 80, 80, 3, 3, 1, 5, 4, 1, 16, 2, 2, 1, 4, 0.070656 
1024, 80, 80, 3, 3, 1, 5, 4, 1, 16, 2, 4, 1, 4, 0.084000 
1024, 80, 80, 3, 3, 1, 5, 4, 1, 16, 2, 5, 1, 4, 0.079872 
1024, 80, 80, 3, 3, 1, 5, 4, 1, 16, 2, 8, 1, 4, 0.003072 
1024, 80, 80, 3, 3, 1, 5, 4, 1, 16, 2, 1, 1, 8, 0.076832 
1024, 80, 80, 3, 3, 1, 5, 4, 1, 16, 2, 2, 1, 8, 0.106464 
1024, 80, 80, 3, 3, 1, 5, 4, 1, 16, 2, 4, 1, 8, 0.002048 
1024, 80, 80, 3, 3, 1, 5, 4, 1, 16, 2, 1, 1, 16, 0.120832 
1024, 80, 80, 3, 3, 1, 5, 4, 1, 16, 2, 2, 1, 16, 0.002048 
1024, 80, 80, 3, 3, 1, 5, 4, 1, 16, 2, 1, 1, 32, 0.002080 
1024, 80, 80, 3, 3, 1, 5, 8, 1, 1, 32, 1, 16, 1, 0.116736 
1024, 80, 80, 3, 3, 1, 5, 8, 1, 1, 32, 2, 16, 1, 0.002048 
1024, 80, 80, 3, 3, 1, 5, 8, 1, 2, 16, 1, 8, 1, 0.082944 
1024, 80, 80, 3, 3, 1, 5, 8, 1, 2, 16, 2, 8, 1, 0.099360 
1024, 80, 80, 3, 3, 1, 5, 8, 1, 2, 16, 4, 8, 1, 0.002080 
1024, 80, 80, 3, 3, 1, 5, 8, 1, 2, 16, 1, 8, 2, 0.116736 
1024, 80, 80, 3, 3, 1, 5, 8, 1, 2, 16, 2, 8, 2, 0.002048 
1024, 80, 80, 3, 3, 1, 5, 8, 1, 4, 8, 1, 4, 1, 0.065536 
1024, 80, 80, 3, 3, 1, 5, 8, 1, 4, 8, 2, 4, 1, 0.075776 
1024, 80, 80, 3, 3, 1, 5, 8, 1, 4, 8, 4, 4, 1, 0.077824 
1024, 80, 80, 3, 3, 1, 5, 8, 1, 4, 8, 5, 4, 1, 0.087040 
1024, 80, 80, 3, 3, 1, 5, 8, 1, 4, 8, 8, 4, 1, 0.002048 
1024, 80, 80, 3, 3, 1, 5, 8, 1, 4, 8, 1, 4, 2, 0.083968 
1024, 80, 80, 3, 3, 1, 5, 8, 1, 4, 8, 2, 4, 2, 0.097312 
1024, 80, 80, 3, 3, 1, 5, 8, 1, 4, 8, 4, 4, 2, 0.003072 
1024, 80, 80, 3, 3, 1, 5, 8, 1, 4, 8, 1, 4, 4, 0.116736 
1024, 80, 80, 3, 3, 1, 5, 8, 1, 4, 8, 2, 4, 4, 0.002048 
1024, 80, 80, 3, 3, 1, 5, 8, 1, 8, 4, 1, 2, 1, 0.060416 
1024, 80, 80, 3, 3, 1, 5, 8, 1, 8, 4, 2, 2, 1, 0.060416 
1024, 80, 80, 3, 3, 1, 5, 8, 1, 8, 4, 4, 2, 1, 0.075776 
1024, 80, 80, 3, 3, 1, 5, 8, 1, 8, 4, 5, 2, 1, 0.070688 
1024, 80, 80, 3, 3, 1, 5, 8, 1, 8, 4, 8, 2, 1, 0.077824 
1024, 80, 80, 3, 3, 1, 5, 8, 1, 8, 4, 10, 2, 1, 0.086016 
1024, 80, 80, 3, 3, 1, 5, 8, 1, 8, 4, 16, 2, 1, 0.002080 
1024, 80, 80, 3, 3, 1, 5, 8, 1, 8, 4, 1, 2, 2, 0.066560 
1024, 80, 80, 3, 3, 1, 5, 8, 1, 8, 4, 2, 2, 2, 0.076832 
1024, 80, 80, 3, 3, 1, 5, 8, 1, 8, 4, 4, 2, 2, 0.077824 
1024, 80, 80, 3, 3, 1, 5, 8, 1, 8, 4, 5, 2, 2, 0.087040 
1024, 80, 80, 3, 3, 1, 5, 8, 1, 8, 4, 8, 2, 2, 0.003072 
1024, 80, 80, 3, 3, 1, 5, 8, 1, 8, 4, 1, 2, 4, 0.082912 
1024, 80, 80, 3, 3, 1, 5, 8, 1, 8, 4, 2, 2, 4, 0.099328 
1024, 80, 80, 3, 3, 1, 5, 8, 1, 8, 4, 4, 2, 4, 0.002048 
1024, 80, 80, 3, 3, 1, 5, 8, 1, 8, 4, 1, 2, 8, 0.115712 
1024, 80, 80, 3, 3, 1, 5, 8, 1, 8, 4, 2, 2, 8, 0.002048 
1024, 80, 80, 3, 3, 1, 5, 8, 1, 16, 2, 1, 1, 1, 0.064480 
1024, 80, 80, 3, 3, 1, 5, 8, 1, 16, 2, 2, 1, 1, 0.060416 
1024, 80, 80, 3, 3, 1, 5, 8, 1, 16, 2, 4, 1, 1, 0.060416 
1024, 80, 80, 3, 3, 1, 5, 8, 1, 16, 2, 5, 1, 1, 0.067584 
1024, 80, 80, 3, 3, 1, 5, 8, 1, 16, 2, 8, 1, 1, 0.069632 
1024, 80, 80, 3, 3, 1, 5, 8, 1, 16, 2, 10, 1, 1, 0.070688 
1024, 80, 80, 3, 3, 1, 5, 8, 1, 16, 2, 16, 1, 1, 0.079840 
1024, 80, 80, 3, 3, 1, 5, 8, 1, 16, 2, 20, 1, 1, 0.088064 
1024, 80, 80, 3, 3, 1, 5, 8, 1, 16, 2, 1, 1, 2, 0.059392 
1024, 80, 80, 3, 3, 1, 5, 8, 1, 16, 2, 2, 1, 2, 0.062464 
1024, 80, 80, 3, 3, 1, 5, 8, 1, 16, 2, 4, 1, 2, 0.075808 
1024, 80, 80, 3, 3, 1, 5, 8, 1, 16, 2, 5, 1, 2, 0.069632 
1024, 80, 80, 3, 3, 1, 5, 8, 1, 16, 2, 8, 1, 2, 0.079872 
1024, 80, 80, 3, 3, 1, 5, 8, 1, 16, 2, 10, 1, 2, 0.084992 
1024, 80, 80, 3, 3, 1, 5, 8, 1, 16, 2, 16, 1, 2, 0.003104 
1024, 80, 80, 3, 3, 1, 5, 8, 1, 16, 2, 1, 1, 4, 0.066528 
1024, 80, 80, 3, 3, 1, 5, 8, 1, 16, 2, 2, 1, 4, 0.074752 
1024, 80, 80, 3, 3, 1, 5, 8, 1, 16, 2, 4, 1, 4, 0.077856 
1024, 80, 80, 3, 3, 1, 5, 8, 1, 16, 2, 5, 1, 4, 0.086016 
1024, 80, 80, 3, 3, 1, 5, 8, 1, 16, 2, 8, 1, 4, 0.002048 
1024, 80, 80, 3, 3, 1, 5, 8, 1, 16, 2, 1, 1, 8, 0.082944 
1024, 80, 80, 3, 3, 1, 5, 8, 1, 16, 2, 2, 1, 8, 0.099360 
1024, 80, 80, 3, 3, 1, 5, 8, 1, 16, 2, 4, 1, 8, 0.002048 
1024, 80, 80, 3, 3, 1, 5, 8, 1, 16, 2, 1, 1, 16, 0.115712 
1024, 80, 80, 3, 3, 1, 5, 8, 1, 16, 2, 2, 1, 16, 0.002048 
1024, 80, 80, 3, 3, 1, 5, 16, 1, 1, 32, 1, 16, 1, 0.131040 
1024, 80, 80, 3, 3, 1, 5, 16, 1, 2, 16, 1, 8, 1, 0.177120 
1024, 80, 80, 3, 3, 1, 5, 16, 1, 2, 16, 2, 8, 1, 0.201760 
1024, 80, 80, 3, 3, 1, 5, 16, 1, 2, 16, 1, 8, 2, 0.132096 
1024, 80, 80, 3, 3, 1, 5, 16, 1, 4, 8, 1, 4, 1, 0.087008 
1024, 80, 80, 3, 3, 1, 5, 16, 1, 4, 8, 2, 4, 1, 0.089056 
1024, 80, 80, 3, 3, 1, 5, 16, 1, 4, 8, 4, 4, 1, 0.091136 
1024, 80, 80, 3, 3, 1, 5, 16, 1, 4, 8, 5, 4, 1, 0.003072 
1024, 80, 80, 3, 3, 1, 5, 16, 1, 4, 8, 1, 4, 2, 0.178176 
1024, 80, 80, 3, 3, 1, 5, 16, 1, 4, 8, 2, 4, 2, 0.201728 
1024, 80, 80, 3, 3, 1, 5, 16, 1, 4, 8, 1, 4, 4, 0.132096 
1024, 80, 80, 3, 3, 1, 5, 16, 1, 8, 4, 1, 2, 1, 0.071712 
1024, 80, 80, 3, 3, 1, 5, 16, 1, 8, 4, 2, 2, 1, 0.069632 
1024, 80, 80, 3, 3, 1, 5, 16, 1, 8, 4, 4, 2, 1, 0.071680 
1024, 80, 80, 3, 3, 1, 5, 16, 1, 8, 4, 5, 2, 1, 0.102400 
1024, 80, 80, 3, 3, 1, 5, 16, 1, 8, 4, 8, 2, 1, 0.075744 
1024, 80, 80, 3, 3, 1, 5, 16, 1, 8, 4, 10, 2, 1, 0.002048 
1024, 80, 80, 3, 3, 1, 5, 16, 1, 8, 4, 1, 2, 2, 0.088064 
1024, 80, 80, 3, 3, 1, 5, 16, 1, 8, 4, 2, 2, 2, 0.089088 
1024, 80, 80, 3, 3, 1, 5, 16, 1, 8, 4, 4, 2, 2, 0.091104 
1024, 80, 80, 3, 3, 1, 5, 16, 1, 8, 4, 5, 2, 2, 0.003104 
1024, 80, 80, 3, 3, 1, 5, 16, 1, 8, 4, 1, 2, 4, 0.180224 
1024, 80, 80, 3, 3, 1, 5, 16, 1, 8, 4, 2, 2, 4, 0.203808 
1024, 80, 80, 3, 3, 1, 5, 16, 1, 8, 4, 1, 2, 8, 0.132096 
1024, 80, 80, 3, 3, 1, 5, 16, 1, 16, 2, 1, 1, 1, 0.066560 
1024, 80, 80, 3, 3, 1, 5, 16, 1, 16, 2, 2, 1, 1, 0.065536 
1024, 80, 80, 3, 3, 1, 5, 16, 1, 16, 2, 4, 1, 1, 0.062432 
1024, 80, 80, 3, 3, 1, 5, 16, 1, 16, 2, 5, 1, 1, 0.072704 
1024, 80, 80, 3, 3, 1, 5, 16, 1, 16, 2, 8, 1, 1, 0.068640 
1024, 80, 80, 3, 3, 1, 5, 16, 1, 16, 2, 10, 1, 1, 0.101376 
1024, 80, 80, 3, 3, 1, 5, 16, 1, 16, 2, 16, 1, 1, 0.073728 
1024, 80, 80, 3, 3, 1, 5, 16, 1, 16, 2, 20, 1, 1, 0.003072 
1024, 80, 80, 3, 3, 1, 5, 16, 1, 16, 2, 1, 1, 2, 0.069632 
1024, 80, 80, 3, 3, 1, 5, 16, 1, 16, 2, 2, 1, 2, 0.069632 
1024, 80, 80, 3, 3, 1, 5, 16, 1, 16, 2, 4, 1, 2, 0.072704 
1024, 80, 80, 3, 3, 1, 5, 16, 1, 16, 2, 5, 1, 2, 0.103456 
1024, 80, 80, 3, 3, 1, 5, 16, 1, 16, 2, 8, 1, 2, 0.075744 
1024, 80, 80, 3, 3, 1, 5, 16, 1, 16, 2, 10, 1, 2, 0.002048 
1024, 80, 80, 3, 3, 1, 5, 16, 1, 16, 2, 1, 1, 4, 0.086016 
1024, 80, 80, 3, 3, 1, 5, 16, 1, 16, 2, 2, 1, 4, 0.090112 
1024, 80, 80, 3, 3, 1, 5, 16, 1, 16, 2, 4, 1, 4, 0.090112 
1024, 80, 80, 3, 3, 1, 5, 16, 1, 16, 2, 5, 1, 4, 0.003072 
1024, 80, 80, 3, 3, 1, 5, 16, 1, 16, 2, 1, 1, 8, 0.182272 
1024, 80, 80, 3, 3, 1, 5, 16, 1, 16, 2, 2, 1, 8, 0.200704 
1024, 80, 80, 3, 3, 1, 5, 16, 1, 16, 2, 1, 1, 16, 0.132096 
1024, 80, 80, 3, 3, 1, 5, 32, 1, 2, 16, 1, 8, 1, 1.904640 
1024, 80, 80, 3, 3, 1, 5, 32, 1, 4, 8, 1, 4, 1, 1.856512 
1024, 80, 80, 3, 3, 1, 5, 32, 1, 4, 8, 2, 4, 1, 1.853440 
1024, 80, 80, 3, 3, 1, 5, 32, 1, 4, 8, 1, 4, 2, 1.903648 
1024, 80, 80, 3, 3, 1, 5, 32, 1, 8, 4, 1, 2, 1, 1.907712 
1024, 80, 80, 3, 3, 1, 5, 32, 1, 8, 4, 2, 2, 1, 1.900544 
1024, 80, 80, 3, 3, 1, 5, 32, 1, 8, 4, 4, 2, 1, 1.812480 
1024, 80, 80, 3, 3, 1, 5, 32, 1, 8, 4, 5, 2, 1, 1.425440 
1024, 80, 80, 3, 3, 1, 5, 32, 1, 8, 4, 1, 2, 2, 1.851424 
1024, 80, 80, 3, 3, 1, 5, 32, 1, 8, 4, 2, 2, 2, 1.854464 
1024, 80, 80, 3, 3, 1, 5, 32, 1, 8, 4, 1, 2, 4, 1.922048 
1024, 80, 80, 3, 3, 1, 5, 32, 1, 16, 2, 1, 1, 1, 1.822720 
1024, 80, 80, 3, 3, 1, 5, 32, 1, 16, 2, 2, 1, 1, 1.812512 
1024, 80, 80, 3, 3, 1, 5, 32, 1, 16, 2, 4, 1, 1, 1.826816 
1024, 80, 80, 3, 3, 1, 5, 32, 1, 16, 2, 5, 1, 1, 1.766464 
1024, 80, 80, 3, 3, 1, 5, 32, 1, 16, 2, 8, 1, 1, 1.798144 
1024, 80, 80, 3, 3, 1, 5, 32, 1, 16, 2, 10, 1, 1, 1.410016 
1024, 80, 80, 3, 3, 1, 5, 32, 1, 16, 2, 1, 1, 2, 1.922048 
1024, 80, 80, 3, 3, 1, 5, 32, 1, 16, 2, 2, 1, 2, 1.916960 
1024, 80, 80, 3, 3, 1, 5, 32, 1, 16, 2, 4, 1, 2, 1.812512 
1024, 80, 80, 3, 3, 1, 5, 32, 1, 16, 2, 5, 1, 2, 1.404928 
1024, 80, 80, 3, 3, 1, 5, 32, 1, 16, 2, 1, 1, 4, 1.890304 
1024, 80, 80, 3, 3, 1, 5, 32, 1, 16, 2, 2, 1, 4, 1.828864 
1024, 80, 80, 3, 3, 1, 5, 32, 1, 16, 2, 1, 1, 8, 1.914880 
1024, 80, 80, 3, 3, 1, 8, 2, 1, 1, 32, 1, 10, 1, 0.083968 
1024, 80, 80, 3, 3, 1, 8, 2, 1, 1, 32, 2, 10, 1, 0.095264 
1024, 80, 80, 3, 3, 1, 8, 2, 1, 1, 32, 1, 10, 2, 0.099360 
1024, 80, 80, 3, 3, 1, 8, 2, 1, 2, 16, 1, 5, 1, 0.069600 
1024, 80, 80, 3, 3, 1, 8, 2, 1, 2, 16, 2, 5, 1, 0.082976 
1024, 80, 80, 3, 3, 1, 8, 2, 1, 2, 16, 4, 5, 1, 0.085984 
1024, 80, 80, 3, 3, 1, 8, 2, 1, 2, 16, 5, 5, 1, 0.083936 
1024, 80, 80, 3, 3, 1, 8, 2, 1, 2, 16, 1, 5, 2, 0.082912 
1024, 80, 80, 3, 3, 1, 8, 2, 1, 2, 16, 2, 5, 2, 0.095232 
1024, 80, 80, 3, 3, 1, 8, 2, 1, 2, 16, 1, 5, 4, 0.098304 
1024, 80, 80, 3, 3, 1, 8, 4, 1, 1, 32, 1, 10, 1, 0.074752 
1024, 80, 80, 3, 3, 1, 8, 4, 1, 1, 32, 2, 10, 1, 0.084960 
1024, 80, 80, 3, 3, 1, 8, 4, 1, 1, 32, 1, 10, 2, 0.091136 
1024, 80, 80, 3, 3, 1, 8, 4, 1, 2, 16, 1, 5, 1, 0.064512 
1024, 80, 80, 3, 3, 1, 8, 4, 1, 2, 16, 2, 5, 1, 0.071680 
1024, 80, 80, 3, 3, 1, 8, 4, 1, 2, 16, 4, 5, 1, 0.078816 
1024, 80, 80, 3, 3, 1, 8, 4, 1, 2, 16, 5, 5, 1, 0.003104 
1024, 80, 80, 3, 3, 1, 8, 4, 1, 2, 16, 1, 5, 2, 0.074752 
1024, 80, 80, 3, 3, 1, 8, 4, 1, 2, 16, 2, 5, 2, 0.083968 
1024, 80, 80, 3, 3, 1, 8, 4, 1, 2, 16, 1, 5, 4, 0.091104 
1024, 80, 80, 3, 3, 1, 8, 8, 1, 1, 32, 1, 10, 1, 0.096224 
1024, 80, 80, 3, 3, 1, 8, 8, 1, 1, 32, 2, 10, 1, 0.002048 
1024, 80, 80, 3, 3, 1, 8, 8, 1, 2, 16, 1, 5, 1, 0.071680 
1024, 80, 80, 3, 3, 1, 8, 8, 1, 2, 16, 2, 5, 1, 0.089088 
1024, 80, 80, 3, 3, 1, 8, 8, 1, 2, 16, 4, 5, 1, 0.002048 
1024, 80, 80, 3, 3, 1, 8, 8, 1, 2, 16, 5, 5, 1, 0.002048 
1024, 80, 80, 3, 3, 1, 8, 8, 1, 2, 16, 1, 5, 2, 0.097280 
1024, 80, 80, 3, 3, 1, 8, 8, 1, 2, 16, 2, 5, 2, 0.002048 
1024, 80, 80, 3, 3, 1, 8, 16, 1, 1, 32, 1, 10, 1, 0.468992 
1024, 80, 80, 3, 3, 1, 8, 16, 1, 2, 16, 1, 5, 1, 0.404480 
1024, 80, 80, 3, 3, 1, 8, 16, 1, 2, 16, 2, 5, 1, 0.382976 
1024, 80, 80, 3, 3, 1, 8, 16, 1, 2, 16, 1, 5, 2, 0.477184 
1024, 80, 80, 3, 3, 1, 10, 2, 1, 1, 32, 1, 8, 1, 0.077824 
1024, 80, 80, 3, 3, 1, 10, 2, 1, 1, 32, 2, 8, 1, 0.107520 
1024, 80, 80, 3, 3, 1, 10, 2, 1, 1, 32, 1, 8, 2, 0.100320 
1024, 80, 80, 3, 3, 1, 10, 2, 1, 2, 16, 1, 4, 1, 0.067584 
1024, 80, 80, 3, 3, 1, 10, 2, 1, 2, 16, 2, 4, 1, 0.087040 
1024, 80, 80, 3, 3, 1, 10, 2, 1, 2, 16, 4, 4, 1, 0.101376 
1024, 80, 80, 3, 3, 1, 10, 2, 1, 2, 16, 5, 4, 1, 0.084992 
1024, 80, 80, 3, 3, 1, 10, 2, 1, 2, 16, 1, 4, 2, 0.075776 
1024, 80, 80, 3, 3, 1, 10, 2, 1, 2, 16, 2, 4, 2, 0.107520 
1024, 80, 80, 3, 3, 1, 10, 2, 1, 2, 16, 1, 4, 4, 0.100384 
1024, 80, 80, 3, 3, 1, 10, 2, 1, 4, 8, 1, 2, 1, 0.061440 
1024, 80, 80, 3, 3, 1, 10, 2, 1, 4, 8, 2, 2, 1, 0.066528 
1024, 80, 80, 3, 3, 1, 10, 2, 1, 4, 8, 4, 2, 1, 0.073696 
1024, 80, 80, 3, 3, 1, 10, 2, 1, 4, 8, 5, 2, 1, 0.074720 
1024, 80, 80, 3, 3, 1, 10, 2, 1, 4, 8, 8, 2, 1, 0.087072 
1024, 80, 80, 3, 3, 1, 10, 2, 1, 4, 8, 10, 2, 1, 0.085024 
1024, 80, 80, 3, 3, 1, 10, 2, 1, 4, 8, 1, 2, 2, 0.067552 
1024, 80, 80, 3, 3, 1, 10, 2, 1, 4, 8, 2, 2, 2, 0.088096 
1024, 80, 80, 3, 3, 1, 10, 2, 1, 4, 8, 4, 2, 2, 0.100384 
1024, 80, 80, 3, 3, 1, 10, 2, 1, 4, 8, 5, 2, 2, 0.083968 
1024, 80, 80, 3, 3, 1, 10, 2, 1, 4, 8, 1, 2, 4, 0.076768 
1024, 80, 80, 3, 3, 1, 10, 2, 1, 4, 8, 2, 2, 4, 0.108544 
1024, 80, 80, 3, 3, 1, 10, 2, 1, 4, 8, 1, 2, 8, 0.100352 
1024, 80, 80, 3, 3, 1, 10, 2, 1, 8, 4, 1, 1, 1, 0.069632 
1024, 80, 80, 3, 3, 1, 10, 2, 1, 8, 4, 2, 1, 1, 0.060416 
1024, 80, 80, 3, 3, 1, 10, 2, 1, 8, 4, 4, 1, 1, 0.062464 
1024, 80, 80, 3, 3, 1, 10, 2, 1, 8, 4, 5, 1, 1, 0.063456 
1024, 80, 80, 3, 3, 1, 10, 2, 1, 8, 4, 8, 1, 1, 0.065536 
1024, 80, 80, 3, 3, 1, 10, 2, 1, 8, 4, 10, 1, 1, 0.073760 
1024, 80, 80, 3, 3, 1, 10, 2, 1, 8, 4, 16, 1, 1, 0.084992 
1024, 80, 80, 3, 3, 1, 10, 2, 1, 8, 4, 20, 1, 1, 0.088064 
1024, 80, 80, 3, 3, 1, 10, 2, 1, 8, 4, 1, 1, 2, 0.061440 
1024, 80, 80, 3, 3, 1, 10, 2, 1, 8, 4, 2, 1, 2, 0.068608 
1024, 80, 80, 3, 3, 1, 10, 2, 1, 8, 4, 4, 1, 2, 0.073728 
1024, 80, 80, 3, 3, 1, 10, 2, 1, 8, 4, 5, 1, 2, 0.073728 
1024, 80, 80, 3, 3, 1, 10, 2, 1, 8, 4, 8, 1, 2, 0.087072 
1024, 80, 80, 3, 3, 1, 10, 2, 1, 8, 4, 10, 1, 2, 0.086016 
1024, 80, 80, 3, 3, 1, 10, 2, 1, 8, 4, 1, 1, 4, 0.067584 
1024, 80, 80, 3, 3, 1, 10, 2, 1, 8, 4, 2, 1, 4, 0.088096 
1024, 80, 80, 3, 3, 1, 10, 2, 1, 8, 4, 4, 1, 4, 0.101376 
1024, 80, 80, 3, 3, 1, 10, 2, 1, 8, 4, 5, 1, 4, 0.084992 
1024, 80, 80, 3, 3, 1, 10, 2, 1, 8, 4, 1, 1, 8, 0.076800 
1024, 80, 80, 3, 3, 1, 10, 2, 1, 8, 4, 2, 1, 8, 0.107552 
1024, 80, 80, 3, 3, 1, 10, 2, 1, 8, 4, 1, 1, 16, 0.100352 
1024, 80, 80, 3, 3, 1, 10, 4, 1, 1, 32, 1, 8, 1, 0.078848 
1024, 80, 80, 3, 3, 1, 10, 4, 1, 1, 32, 2, 8, 1, 0.101344 
1024, 80, 80, 3, 3, 1, 10, 4, 1, 1, 32, 1, 8, 2, 0.093184 
1024, 80, 80, 3, 3, 1, 10, 4, 1, 2, 16, 1, 4, 1, 0.064480 
1024, 80, 80, 3, 3, 1, 10, 4, 1, 2, 16, 2, 4, 1, 0.086016 
1024, 80, 80, 3, 3, 1, 10, 4, 1, 2, 16, 4, 4, 1, 0.092160 
1024, 80, 80, 3, 3, 1, 10, 4, 1, 2, 16, 5, 4, 1, 0.089120 
1024, 80, 80, 3, 3, 1, 10, 4, 1, 2, 16, 1, 4, 2, 0.078880 
1024, 80, 80, 3, 3, 1, 10, 4, 1, 2, 16, 2, 4, 2, 0.100384 
1024, 80, 80, 3, 3, 1, 10, 4, 1, 2, 16, 1, 4, 4, 0.092192 
1024, 80, 80, 3, 3, 1, 10, 4, 1, 4, 8, 1, 2, 1, 0.059424 
1024, 80, 80, 3, 3, 1, 10, 4, 1, 4, 8, 2, 2, 1, 0.063488 
1024, 80, 80, 3, 3, 1, 10, 4, 1, 4, 8, 4, 2, 1, 0.073760 
1024, 80, 80, 3, 3, 1, 10, 4, 1, 4, 8, 5, 2, 1, 0.070656 
1024, 80, 80, 3, 3, 1, 10, 4, 1, 4, 8, 8, 2, 1, 0.081920 
1024, 80, 80, 3, 3, 1, 10, 4, 1, 4, 8, 10, 2, 1, 0.090112 
1024, 80, 80, 3, 3, 1, 10, 4, 1, 4, 8, 1, 2, 2, 0.064480 
1024, 80, 80, 3, 3, 1, 10, 4, 1, 4, 8, 2, 2, 2, 0.088096 
1024, 80, 80, 3, 3, 1, 10, 4, 1, 4, 8, 4, 2, 2, 0.093184 
1024, 80, 80, 3, 3, 1, 10, 4, 1, 4, 8, 5, 2, 2, 0.091136 
1024, 80, 80, 3, 3, 1, 10, 4, 1, 4, 8, 1, 2, 4, 0.079840 
1024, 80, 80, 3, 3, 1, 10, 4, 1, 4, 8, 2, 2, 4, 0.099328 
1024, 80, 80, 3, 3, 1, 10, 4, 1, 4, 8, 1, 2, 8, 0.093152 
1024, 80, 80, 3, 3, 1, 10, 4, 1, 8, 4, 1, 1, 1, 0.063488 
1024, 80, 80, 3, 3, 1, 10, 4, 1, 8, 4, 2, 1, 1, 0.059392 
1024, 80, 80, 3, 3, 1, 10, 4, 1, 8, 4, 4, 1, 1, 0.060416 
1024, 80, 80, 3, 3, 1, 10, 4, 1, 8, 4, 5, 1, 1, 0.062464 
1024, 80, 80, 3, 3, 1, 10, 4, 1, 8, 4, 8, 1, 1, 0.069600 
1024, 80, 80, 3, 3, 1, 10, 4, 1, 8, 4, 10, 1, 1, 0.072672 
1024, 80, 80, 3, 3, 1, 10, 4, 1, 8, 4, 16, 1, 1, 0.078880 
1024, 80, 80, 3, 3, 1, 10, 4, 1, 8, 4, 20, 1, 1, 0.090112 
1024, 80, 80, 3, 3, 1, 10, 4, 1, 8, 4, 1, 1, 2, 0.058368 
1024, 80, 80, 3, 3, 1, 10, 4, 1, 8, 4, 2, 1, 2, 0.064512 
1024, 80, 80, 3, 3, 1, 10, 4, 1, 8, 4, 4, 1, 2, 0.073728 
1024, 80, 80, 3, 3, 1, 10, 4, 1, 8, 4, 5, 1, 2, 0.071680 
1024, 80, 80, 3, 3, 1, 10, 4, 1, 8, 4, 8, 1, 2, 0.080864 
1024, 80, 80, 3, 3, 1, 10, 4, 1, 8, 4, 10, 1, 2, 0.092160 
1024, 80, 80, 3, 3, 1, 10, 4, 1, 8, 4, 1, 1, 4, 0.064480 
1024, 80, 80, 3, 3, 1, 10, 4, 1, 8, 4, 2, 1, 4, 0.088064 
1024, 80, 80, 3, 3, 1, 10, 4, 1, 8, 4, 4, 1, 4, 0.093184 
1024, 80, 80, 3, 3, 1, 10, 4, 1, 8, 4, 5, 1, 4, 0.089120 
1024, 80, 80, 3, 3, 1, 10, 4, 1, 8, 4, 1, 1, 8, 0.078848 
1024, 80, 80, 3, 3, 1, 10, 4, 1, 8, 4, 2, 1, 8, 0.099360 
1024, 80, 80, 3, 3, 1, 10, 4, 1, 8, 4, 1, 1, 16, 0.092192 
1024, 80, 80, 3, 3, 1, 10, 8, 1, 1, 32, 1, 8, 1, 0.107520 
1024, 80, 80, 3, 3, 1, 10, 8, 1, 1, 32, 2, 8, 1, 0.117792 
1024, 80, 80, 3, 3, 1, 10, 8, 1, 2, 16, 1, 4, 1, 0.070624 
1024, 80, 80, 3, 3, 1, 10, 8, 1, 2, 16, 2, 4, 1, 0.084000 
1024, 80, 80, 3, 3, 1, 10, 8, 1, 2, 16, 4, 4, 1, 0.091104 
1024, 80, 80, 3, 3, 1, 10, 8, 1, 2, 16, 5, 4, 1, 0.002048 
1024, 80, 80, 3, 3, 1, 10, 8, 1, 2, 16, 1, 4, 2, 0.107552 
1024, 80, 80, 3, 3, 1, 10, 8, 1, 2, 16, 2, 4, 2, 0.119808 
1024, 80, 80, 3, 3, 1, 10, 8, 1, 4, 8, 1, 2, 1, 0.071680 
1024, 80, 80, 3, 3, 1, 10, 8, 1, 4, 8, 2, 2, 1, 0.074752 
1024, 80, 80, 3, 3, 1, 10, 8, 1, 4, 8, 4, 2, 1, 0.070656 
1024, 80, 80, 3, 3, 1, 10, 8, 1, 4, 8, 5, 2, 1, 0.102400 
1024, 80, 80, 3, 3, 1, 10, 8, 1, 4, 8, 8, 2, 1, 0.078880 
1024, 80, 80, 3, 3, 1, 10, 8, 1, 4, 8, 10, 2, 1, 0.002048 
1024, 80, 80, 3, 3, 1, 10, 8, 1, 4, 8, 1, 2, 2, 0.071680 
1024, 80, 80, 3, 3, 1, 10, 8, 1, 4, 8, 2, 2, 2, 0.086016 
1024, 80, 80, 3, 3, 1, 10, 8, 1, 4, 8, 4, 2, 2, 0.091136 
1024, 80, 80, 3, 3, 1, 10, 8, 1, 4, 8, 5, 2, 2, 0.002048 
1024, 80, 80, 3, 3, 1, 10, 8, 1, 4, 8, 1, 2, 4, 0.104448 
1024, 80, 80, 3, 3, 1, 10, 8, 1, 4, 8, 2, 2, 4, 0.117728 
1024, 80, 80, 3, 3, 1, 10, 8, 1, 8, 4, 1, 1, 1, 0.067616 
1024, 80, 80, 3, 3, 1, 10, 8, 1, 8, 4, 2, 1, 1, 0.065536 
1024, 80, 80, 3, 3, 1, 10, 8, 1, 8, 4, 4, 1, 1, 0.064512 
1024, 80, 80, 3, 3, 1, 10, 8, 1, 8, 4, 5, 1, 1, 0.072736 
1024, 80, 80, 3, 3, 1, 10, 8, 1, 8, 4, 8, 1, 1, 0.066560 
1024, 80, 80, 3, 3, 1, 10, 8, 1, 8, 4, 10, 1, 1, 0.100352 
1024, 80, 80, 3, 3, 1, 10, 8, 1, 8, 4, 16, 1, 1, 0.075744 
1024, 80, 80, 3, 3, 1, 10, 8, 1, 8, 4, 20, 1, 1, 0.003072 
1024, 80, 80, 3, 3, 1, 10, 8, 1, 8, 4, 1, 1, 2, 0.073728 
1024, 80, 80, 3, 3, 1, 10, 8, 1, 8, 4, 2, 1, 2, 0.073728 
1024, 80, 80, 3, 3, 1, 10, 8, 1, 8, 4, 4, 1, 2, 0.071680 
1024, 80, 80, 3, 3, 1, 10, 8, 1, 8, 4, 5, 1, 2, 0.102432 
1024, 80, 80, 3, 3, 1, 10, 8, 1, 8, 4, 8, 1, 2, 0.077792 
1024, 80, 80, 3, 3, 1, 10, 8, 1, 8, 4, 10, 1, 2, 0.002048 
1024, 80, 80, 3, 3, 1, 10, 8, 1, 8, 4, 1, 1, 4, 0.073728 
1024, 80, 80, 3, 3, 1, 10, 8, 1, 8, 4, 2, 1, 4, 0.086016 
1024, 80, 80, 3, 3, 1, 10, 8, 1, 8, 4, 4, 1, 4, 0.091136 
1024, 80, 80, 3, 3, 1, 10, 8, 1, 8, 4, 5, 1, 4, 0.002048 
1024, 80, 80, 3, 3, 1, 10, 8, 1, 8, 4, 1, 1, 8, 0.107520 
1024, 80, 80, 3, 3, 1, 10, 8, 1, 8, 4, 2, 1, 8, 0.119776 
1024, 80, 80, 3, 3, 1, 10, 16, 1, 1, 32, 1, 8, 1, 1.982464 
1024, 80, 80, 3, 3, 1, 10, 16, 1, 2, 16, 1, 4, 1, 1.866752 
1024, 80, 80, 3, 3, 1, 10, 16, 1, 2, 16, 2, 4, 1, 1.883136 
1024, 80, 80, 3, 3, 1, 10, 16, 1, 2, 16, 1, 4, 2, 1.980416 
1024, 80, 80, 3, 3, 1, 10, 16, 1, 4, 8, 1, 2, 1, 1.837056 
1024, 80, 80, 3, 3, 1, 10, 16, 1, 4, 8, 2, 2, 1, 1.866720 
1024, 80, 80, 3, 3, 1, 10, 16, 1, 4, 8, 4, 2, 1, 1.832928 
1024, 80, 80, 3, 3, 1, 10, 16, 1, 4, 8, 5, 2, 1, 1.409024 
1024, 80, 80, 3, 3, 1, 10, 16, 1, 4, 8, 1, 2, 2, 1.859584 
1024, 80, 80, 3, 3, 1, 10, 16, 1, 4, 8, 2, 2, 2, 1.855488 
1024, 80, 80, 3, 3, 1, 10, 16, 1, 4, 8, 1, 2, 4, 1.992704 
1024, 80, 80, 3, 3, 1, 10, 16, 1, 8, 4, 1, 1, 1, 1.836032 
1024, 80, 80, 3, 3, 1, 10, 16, 1, 8, 4, 2, 1, 1, 1.854496 
1024, 80, 80, 3, 3, 1, 10, 16, 1, 8, 4, 4, 1, 1, 1.809440 
1024, 80, 80, 3, 3, 1, 10, 16, 1, 8, 4, 5, 1, 1, 1.770496 
1024, 80, 80, 3, 3, 1, 10, 16, 1, 8, 4, 8, 1, 1, 1.804288 
1024, 80, 80, 3, 3, 1, 10, 16, 1, 8, 4, 10, 1, 1, 1.429504 
1024, 80, 80, 3, 3, 1, 10, 16, 1, 8, 4, 1, 1, 2, 1.839104 
1024, 80, 80, 3, 3, 1, 10, 16, 1, 8, 4, 2, 1, 2, 1.857568 
1024, 80, 80, 3, 3, 1, 10, 16, 1, 8, 4, 4, 1, 2, 1.831936 
1024, 80, 80, 3, 3, 1, 10, 16, 1, 8, 4, 5, 1, 2, 1.405984 
1024, 80, 80, 3, 3, 1, 10, 16, 1, 8, 4, 1, 1, 4, 1.892384 
1024, 80, 80, 3, 3, 1, 10, 16, 1, 8, 4, 2, 1, 4, 1.883136 
1024, 80, 80, 3, 3, 1, 10, 16, 1, 8, 4, 1, 1, 8, 1.993728 
1024, 80, 80, 3, 3, 1, 16, 2, 1, 1, 32, 1, 5, 1, 0.065536 
1024, 80, 80, 3, 3, 1, 16, 2, 1, 1, 32, 2, 5, 1, 0.074752 
1024, 80, 80, 3, 3, 1, 16, 2, 1, 1, 32, 1, 5, 2, 0.070656 
1024, 80, 80, 3, 3, 1, 16, 4, 1, 1, 32, 1, 5, 1, 0.074752 
1024, 80, 80, 3, 3, 1, 16, 4, 1, 1, 32, 2, 5, 1, 0.090080 
1024, 80, 80, 3, 3, 1, 16, 4, 1, 1, 32, 1, 5, 2, 0.088064 
1024, 80, 80, 3, 3, 1, 16, 8, 1, 1, 32, 1, 5, 1, 0.326656 
1024, 80, 80, 3, 3, 1, 16, 8, 1, 1, 32, 2, 5, 1, 0.321568 
1024, 80, 80, 3, 3, 1, 20, 2, 1, 1, 32, 1, 4, 1, 0.065536 
1024, 80, 80, 3, 3, 1, 20, 2, 1, 1, 32, 2, 4, 1, 0.081920 
1024, 80, 80, 3, 3, 1, 20, 2, 1, 1, 32, 1, 4, 2, 0.068576 
1024, 80, 80, 3, 3, 1, 20, 2, 1, 2, 16, 1, 2, 1, 0.063488 
1024, 80, 80, 3, 3, 1, 20, 2, 1, 2, 16, 2, 2, 1, 0.069600 
1024, 80, 80, 3, 3, 1, 20, 2, 1, 2, 16, 4, 2, 1, 0.076800 
1024, 80, 80, 3, 3, 1, 20, 2, 1, 2, 16, 5, 2, 1, 0.095232 
1024, 80, 80, 3, 3, 1, 20, 2, 1, 2, 16, 1, 2, 2, 0.065504 
1024, 80, 80, 3, 3, 1, 20, 2, 1, 2, 16, 2, 2, 2, 0.075776 
1024, 80, 80, 3, 3, 1, 20, 2, 1, 2, 16, 1, 2, 4, 0.069600 
1024, 80, 80, 3, 3, 1, 20, 2, 1, 4, 8, 1, 1, 1, 0.068640 
1024, 80, 80, 3, 3, 1, 20, 2, 1, 4, 8, 2, 1, 1, 0.066560 
1024, 80, 80, 3, 3, 1, 20, 2, 1, 4, 8, 4, 1, 1, 0.067616 
1024, 80, 80, 3, 3, 1, 20, 2, 1, 4, 8, 5, 1, 1, 0.065504 
1024, 80, 80, 3, 3, 1, 20, 2, 1, 4, 8, 8, 1, 1, 0.076800 
1024, 80, 80, 3, 3, 1, 20, 2, 1, 4, 8, 10, 1, 1, 0.079872 
1024, 80, 80, 3, 3, 1, 20, 2, 1, 4, 8, 1, 1, 2, 0.062464 
1024, 80, 80, 3, 3, 1, 20, 2, 1, 4, 8, 2, 1, 2, 0.069632 
1024, 80, 80, 3, 3, 1, 20, 2, 1, 4, 8, 4, 1, 2, 0.076800 
1024, 80, 80, 3, 3, 1, 20, 2, 1, 4, 8, 5, 1, 2, 0.094208 
1024, 80, 80, 3, 3, 1, 20, 2, 1, 4, 8, 1, 1, 4, 0.065536 
1024, 80, 80, 3, 3, 1, 20, 2, 1, 4, 8, 2, 1, 4, 0.075776 
1024, 80, 80, 3, 3, 1, 20, 2, 1, 4, 8, 1, 1, 8, 0.070624 
1024, 80, 80, 3, 3, 1, 20, 4, 1, 1, 32, 1, 4, 1, 0.091136 
1024, 80, 80, 3, 3, 1, 20, 4, 1, 1, 32, 2, 4, 1, 0.088064 
1024, 80, 80, 3, 3, 1, 20, 4, 1, 1, 32, 1, 4, 2, 0.067584 
1024, 80, 80, 3, 3, 1, 20, 4, 1, 2, 16, 1, 2, 1, 0.085024 
1024, 80, 80, 3, 3, 1, 20, 4, 1, 2, 16, 2, 2, 1, 0.089088 
1024, 80, 80, 3, 3, 1, 20, 4, 1, 2, 16, 4, 2, 1, 0.083936 
1024, 80, 80, 3, 3, 1, 20, 4, 1, 2, 16, 5, 2, 1, 0.107520 
1024, 80, 80, 3, 3, 1, 20, 4, 1, 2, 16, 1, 2, 2, 0.092160 
1024, 80, 80, 3, 3, 1, 20, 4, 1, 2, 16, 2, 2, 2, 0.087040 
1024, 80, 80, 3, 3, 1, 20, 4, 1, 2, 16, 1, 2, 4, 0.069600 
1024, 80, 80, 3, 3, 1, 20, 4, 1, 4, 8, 1, 1, 1, 0.074752 
1024, 80, 80, 3, 3, 1, 20, 4, 1, 4, 8, 2, 1, 1, 0.068576 
1024, 80, 80, 3, 3, 1, 20, 4, 1, 4, 8, 4, 1, 1, 0.070656 
1024, 80, 80, 3, 3, 1, 20, 4, 1, 4, 8, 5, 1, 1, 0.076800 
1024, 80, 80, 3, 3, 1, 20, 4, 1, 4, 8, 8, 1, 1, 0.076800 
1024, 80, 80, 3, 3, 1, 20, 4, 1, 4, 8, 10, 1, 1, 0.107488 
1024, 80, 80, 3, 3, 1, 20, 4, 1, 4, 8, 1, 1, 2, 0.087040 
1024, 80, 80, 3, 3, 1, 20, 4, 1, 4, 8, 2, 1, 2, 0.082976 
1024, 80, 80, 3, 3, 1, 20, 4, 1, 4, 8, 4, 1, 2, 0.083936 
1024, 80, 80, 3, 3, 1, 20, 4, 1, 4, 8, 5, 1, 2, 0.107488 
1024, 80, 80, 3, 3, 1, 20, 4, 1, 4, 8, 1, 1, 4, 0.093184 
1024, 80, 80, 3, 3, 1, 20, 4, 1, 4, 8, 2, 1, 4, 0.089088 
1024, 80, 80, 3, 3, 1, 20, 4, 1, 4, 8, 1, 1, 8, 0.069632 
1024, 80, 80, 3, 3, 1, 20, 8, 1, 1, 32, 1, 4, 1, 0.277504 
1024, 80, 80, 3, 3, 1, 20, 8, 1, 1, 32, 2, 4, 1, 0.269312 
1024, 80, 80, 3, 3, 1, 20, 8, 1, 2, 16, 1, 2, 1, 0.274432 
1024, 80, 80, 3, 3, 1, 20, 8, 1, 2, 16, 2, 2, 1, 0.265216 
1024, 80, 80, 3, 3, 1, 20, 8, 1, 2, 16, 4, 2, 1, 0.255008 
1024, 80, 80, 3, 3, 1, 20, 8, 1, 2, 16, 5, 2, 1, 0.002048 
1024, 80, 80, 3, 3, 1, 20, 8, 1, 2, 16, 1, 2, 2, 0.275456 
1024, 80, 80, 3, 3, 1, 20, 8, 1, 2, 16, 2, 2, 2, 0.258080 
1024, 80, 80, 3, 3, 1, 20, 8, 1, 4, 8, 1, 1, 1, 1.798144 
1024, 80, 80, 3, 3, 1, 20, 8, 1, 4, 8, 2, 1, 1, 1.763328 
1024, 80, 80, 3, 3, 1, 20, 8, 1, 4, 8, 4, 1, 1, 0.299008 
1024, 80, 80, 3, 3, 1, 20, 8, 1, 4, 8, 5, 1, 1, 0.299008 
1024, 80, 80, 3, 3, 1, 20, 8, 1, 4, 8, 8, 1, 1, 0.295936 
1024, 80, 80, 3, 3, 1, 20, 8, 1, 4, 8, 10, 1, 1, 0.003072 
1024, 80, 80, 3, 3, 1, 20, 8, 1, 4, 8, 1, 1, 2, 0.267232 
1024, 80, 80, 3, 3, 1, 20, 8, 1, 4, 8, 2, 1, 2, 0.264224 
1024, 80, 80, 3, 3, 1, 20, 8, 1, 4, 8, 4, 1, 2, 0.251936 
1024, 80, 80, 3, 3, 1, 20, 8, 1, 4, 8, 5, 1, 2, 0.002048 
1024, 80, 80, 3, 3, 1, 20, 8, 1, 4, 8, 1, 1, 4, 0.269344 
1024, 80, 80, 3, 3, 1, 20, 8, 1, 4, 8, 2, 1, 4, 0.267264 
1024, 80, 80, 3, 3, 1, 40, 2, 1, 1, 32, 1, 2, 1, 0.076832 
1024, 80, 80, 3, 3, 1, 40, 2, 1, 1, 32, 2, 2, 1, 0.076800 
1024, 80, 80, 3, 3, 1, 40, 2, 1, 1, 32, 1, 2, 2, 0.072704 
1024, 80, 80, 3, 3, 1, 40, 2, 1, 2, 16, 1, 1, 1, 0.093216 
1024, 80, 80, 3, 3, 1, 40, 2, 1, 2, 16, 2, 1, 1, 0.083968 
1024, 80, 80, 3, 3, 1, 40, 2, 1, 2, 16, 4, 1, 1, 0.080864 
1024, 80, 80, 3, 3, 1, 40, 2, 1, 2, 16, 5, 1, 1, 0.084992 
1024, 80, 80, 3, 3, 1, 40, 2, 1, 2, 16, 1, 1, 2, 0.076800 
1024, 80, 80, 3, 3, 1, 40, 2, 1, 2, 16, 2, 1, 2, 0.080896 
1024, 80, 80, 3, 3, 1, 40, 2, 1, 2, 16, 1, 1, 4, 0.075776 
1024, 80, 80, 3, 3, 1, 40, 4, 1, 1, 32, 1, 2, 1, 0.100320 
1024, 80, 80, 3, 3, 1, 40, 4, 1, 1, 32, 2, 2, 1, 0.097312 
1024, 80, 80, 3, 3, 1, 40, 4, 1, 1, 32, 1, 2, 2, 0.096256 
1024, 80, 80, 3, 3, 1, 40, 4, 1, 2, 16, 1, 1, 1, 0.139296 
1024, 80, 80, 3, 3, 1, 40, 4, 1, 2, 16, 2, 1, 1, 0.137216 
1024, 80, 80, 3, 3, 1, 40, 4, 1, 2, 16, 4, 1, 1, 0.126944 
1024, 80, 80, 3, 3, 1, 40, 4, 1, 2, 16, 5, 1, 1, 0.158720 
1024, 80, 80, 3, 3, 1, 40, 4, 1, 2, 16, 1, 1, 2, 0.101376 
1024, 80, 80, 3, 3, 1, 40, 4, 1, 2, 16, 2, 1, 2, 0.097280 
1024, 80, 80, 3, 3, 1, 40, 4, 1, 2, 16, 1, 1, 4, 0.095232 
256, 154, 154, 512, 3, 1, 7, 2, 1, 1, 32, 1, 22, 1, 6.959072 
256, 154, 154, 512, 3, 1, 7, 2, 1, 2, 16, 1, 11, 1, 6.649888 
256, 154, 154, 512, 3, 1, 7, 2, 1, 2, 16, 2, 11, 1, 6.929408 
256, 154, 154, 512, 3, 1, 7, 2, 1, 2, 16, 1, 11, 2, 6.956032 
256, 154, 154, 512, 3, 1, 7, 4, 1, 1, 32, 1, 22, 1, 6.072320 
256, 154, 154, 512, 3, 1, 7, 4, 1, 2, 16, 1, 11, 1, 5.718016 
256, 154, 154, 512, 3, 1, 7, 4, 1, 2, 16, 2, 11, 1, 5.933056 
256, 154, 154, 512, 3, 1, 7, 4, 1, 2, 16, 1, 11, 2, 6.068192 
256, 154, 154, 512, 3, 1, 7, 8, 1, 2, 16, 1, 11, 1, 6.582304 
256, 154, 154, 512, 3, 1, 7, 8, 1, 2, 16, 2, 11, 1, 0.002080 
256, 154, 154, 512, 3, 1, 11, 2, 1, 1, 32, 1, 14, 1, 7.282688 
256, 154, 154, 512, 3, 1, 11, 2, 1, 1, 32, 2, 14, 1, 0.002016 
256, 154, 154, 512, 3, 1, 11, 2, 1, 2, 16, 1, 7, 1, 6.910976 
256, 154, 154, 512, 3, 1, 11, 2, 1, 2, 16, 2, 7, 1, 8.209408 
256, 154, 154, 512, 3, 1, 11, 2, 1, 2, 16, 1, 7, 2, 7.270400 
256, 154, 154, 512, 3, 1, 11, 2, 1, 2, 16, 2, 7, 2, 0.002048 
256, 154, 154, 512, 3, 1, 11, 4, 1, 1, 32, 1, 14, 1, 5.965856 
256, 154, 154, 512, 3, 1, 11, 4, 1, 2, 16, 1, 7, 1, 6.302720 
256, 154, 154, 512, 3, 1, 11, 4, 1, 2, 16, 2, 7, 1, 6.175776 
256, 154, 154, 512, 3, 1, 11, 4, 1, 2, 16, 1, 7, 2, 5.970944 
256, 154, 154, 512, 3, 1, 11, 8, 1, 2, 16, 1, 7, 1, 5.909536 
256, 154, 154, 512, 3, 1, 11, 8, 1, 2, 16, 2, 7, 1, 5.848064 
256, 154, 154, 512, 3, 1, 14, 2, 1, 1, 32, 1, 11, 1, 7.902176 
256, 154, 154, 512, 3, 1, 14, 2, 1, 1, 32, 2, 11, 1, 0.002080 
256, 154, 154, 512, 3, 1, 14, 4, 1, 1, 32, 1, 11, 1, 6.563840 
256, 154, 154, 512, 3, 1, 22, 2, 1, 1, 32, 1, 7, 1, 6.339616 
256, 154, 154, 512, 3, 1, 22, 2, 1, 1, 32, 2, 7, 1, 6.211584 
256, 154, 154, 512, 3, 1, 22, 4, 1, 1, 32, 1, 7, 1, 6.535200 
256, 154, 154, 512, 3, 1, 77, 2, 1, 1, 32, 1, 2, 1, 20.216831 
256, 154, 154, 512, 3, 1, 77, 2, 1, 1, 32, 2, 2, 1, 18.382849 
256, 154, 154, 512, 3, 1, 77, 2, 1, 2, 16, 1, 1, 1, 21.351423 
256, 154, 154, 512, 3, 1, 77, 2, 1, 2, 16, 2, 1, 1, 20.563969 
256, 154, 154, 512, 3, 1, 77, 2, 1, 2, 16, 1, 1, 2, 20.215809 
256, 154, 154, 512, 3, 1, 77, 2, 1, 2, 16, 2, 1, 2, 18.417664 
128, 408, 408, 32, 3, 1, 3, 2, 1, 8, 4, 1, 17, 1, 3.522560 
128, 408, 408, 32, 3, 1, 3, 4, 1, 8, 4, 1, 17, 1, 2.266112 
128, 408, 408, 32, 3, 1, 3, 8, 1, 8, 4, 1, 17, 1, 1.828864 
128, 408, 408, 32, 3, 1, 3, 16, 1, 8, 4, 1, 17, 1, 0.003040 
128, 408, 408, 32, 3, 1, 6, 2, 1, 4, 8, 1, 17, 1, 2.170880 
128, 408, 408, 32, 3, 1, 6, 4, 1, 4, 8, 1, 17, 1, 1.722368 
128, 408, 408, 32, 3, 1, 6, 8, 1, 4, 8, 1, 17, 1, 0.002048 
128, 408, 408, 32, 3, 1, 12, 2, 1, 2, 16, 1, 17, 1, 1.720320 
128, 408, 408, 32, 3, 1, 12, 4, 1, 2, 16, 1, 17, 1, 0.002048 
128, 408, 408, 32, 3, 1, 17, 2, 1, 2, 16, 1, 12, 1, 1.678336 
128, 408, 408, 32, 3, 1, 17, 2, 1, 4, 8, 1, 6, 1, 1.352704 
128, 408, 408, 32, 3, 1, 17, 2, 1, 4, 8, 2, 6, 1, 1.761280 
128, 408, 408, 32, 3, 1, 17, 2, 1, 4, 8, 1, 6, 2, 1.684512 
128, 408, 408, 32, 3, 1, 17, 2, 1, 8, 4, 1, 3, 1, 1.521664 
128, 408, 408, 32, 3, 1, 17, 2, 1, 8, 4, 2, 3, 1, 1.341440 
128, 408, 408, 32, 3, 1, 17, 2, 1, 8, 4, 3, 3, 1, 1.576992 
128, 408, 408, 32, 3, 1, 17, 2, 1, 8, 4, 4, 3, 1, 1.857536 
128, 408, 408, 32, 3, 1, 17, 2, 1, 8, 4, 1, 3, 2, 1.378336 
128, 408, 408, 32, 3, 1, 17, 2, 1, 8, 4, 2, 3, 2, 1.763328 
128, 408, 408, 32, 3, 1, 17, 2, 1, 8, 4, 1, 3, 4, 1.682432 
128, 408, 408, 32, 3, 1, 17, 4, 1, 2, 16, 1, 12, 1, 1.544160 
128, 408, 408, 32, 3, 1, 17, 4, 1, 4, 8, 1, 6, 1, 1.397760 
128, 408, 408, 32, 3, 1, 17, 4, 1, 4, 8, 2, 6, 1, 1.534976 
128, 408, 408, 32, 3, 1, 17, 4, 1, 4, 8, 1, 6, 2, 1.549344 
128, 408, 408, 32, 3, 1, 17, 4, 1, 8, 4, 1, 3, 1, 1.373152 
128, 408, 408, 32, 3, 1, 17, 4, 1, 8, 4, 2, 3, 1, 1.425408 
128, 408, 408, 32, 3, 1, 17, 4, 1, 8, 4, 3, 3, 1, 1.969120 
128, 408, 408, 32, 3, 1, 17, 4, 1, 8, 4, 4, 3, 1, 1.585152 
128, 408, 408, 32, 3, 1, 17, 4, 1, 8, 4, 1, 3, 2, 1.400864 
128, 408, 408, 32, 3, 1, 17, 4, 1, 8, 4, 2, 3, 2, 1.533952 
128, 408, 408, 32, 3, 1, 17, 4, 1, 8, 4, 1, 3, 4, 1.546240 
128, 408, 408, 32, 3, 1, 17, 8, 1, 4, 8, 1, 6, 1, 6.062080 
128, 408, 408, 32, 3, 1, 17, 8, 1, 4, 8, 2, 6, 1, 6.126592 
128, 408, 408, 32, 3, 1, 17, 8, 1, 8, 4, 1, 3, 1, 6.926336 
128, 408, 408, 32, 3, 1, 17, 8, 1, 8, 4, 2, 3, 1, 6.076416 
128, 408, 408, 32, 3, 1, 17, 8, 1, 8, 4, 3, 3, 1, 5.269536 
128, 408, 408, 32, 3, 1, 17, 8, 1, 8, 4, 4, 3, 1, 6.170592 
128, 408, 408, 32, 3, 1, 17, 8, 1, 8, 4, 1, 3, 2, 6.151168 
128, 408, 408, 32, 3, 1, 17, 8, 1, 8, 4, 2, 3, 2, 6.086656 
128, 408, 408, 32, 3, 1, 34, 2, 1, 2, 16, 1, 6, 1, 1.463296 
128, 408, 408, 32, 3, 1, 34, 2, 1, 4, 8, 1, 3, 1, 1.469472 
128, 408, 408, 32, 3, 1, 34, 2, 1, 4, 8, 2, 3, 1, 1.458176 
128, 408, 408, 32, 3, 1, 34, 2, 1, 4, 8, 1, 3, 2, 1.464352 
128, 408, 408, 32, 3, 1, 34, 4, 1, 2, 16, 1, 6, 1, 2.427904 
128, 408, 408, 32, 3, 1, 34, 4, 1, 4, 8, 1, 3, 1, 2.396160 
128, 408, 408, 32, 3, 1, 34, 4, 1, 4, 8, 2, 3, 1, 2.457600 
128, 408, 408, 32, 3, 1, 34, 4, 1, 4, 8, 1, 3, 2, 2.427904 
128, 408, 408, 32, 3, 1, 51, 2, 1, 2, 16, 1, 4, 1, 1.562624 
128, 408, 408, 32, 3, 1, 51, 2, 1, 4, 8, 1, 2, 1, 1.580032 
128, 408, 408, 32, 3, 1, 51, 2, 1, 4, 8, 2, 2, 1, 1.480704 
128, 408, 408, 32, 3, 1, 51, 2, 1, 4, 8, 1, 2, 2, 1.541120 
128, 408, 408, 32, 3, 1, 51, 2, 1, 8, 4, 1, 1, 1, 2.415616 
128, 408, 408, 32, 3, 1, 51, 2, 1, 8, 4, 2, 1, 1, 1.939456 
128, 408, 408, 32, 3, 1, 51, 2, 1, 8, 4, 3, 1, 1, 1.848320 
128, 408, 408, 32, 3, 1, 51, 2, 1, 8, 4, 4, 1, 1, 1.517568 
128, 408, 408, 32, 3, 1, 51, 2, 1, 8, 4, 1, 1, 2, 1.551360 
128, 408, 408, 32, 3, 1, 51, 2, 1, 8, 4, 2, 1, 2, 1.481760 
128, 408, 408, 32, 3, 1, 51, 2, 1, 8, 4, 1, 1, 4, 1.537024 
128, 408, 408, 32, 3, 1, 68, 2, 1, 2, 16, 1, 3, 1, 1.764352 
1024, 728, 728, 512, 3, 1, 7, 2, 1, 4, 8, 1, 26, 1, 654.786560 
1024, 728, 728, 512, 3, 1, 7, 2, 1, 8, 4, 1, 13, 1, 574.953430 
1024, 728, 728, 512, 3, 1, 7, 2, 1, 8, 4, 2, 13, 1, 668.993530 
1024, 728, 728, 512, 3, 1, 7, 2, 1, 8, 4, 1, 13, 2, 654.999512 
1024, 728, 728, 512, 3, 1, 7, 4, 1, 4, 8, 1, 26, 1, 0.002080 
1024, 728, 728, 512, 3, 1, 7, 4, 1, 8, 4, 1, 13, 1, 679.990295 
1024, 728, 728, 512, 3, 1, 7, 4, 1, 8, 4, 2, 13, 1, 0.003072 
1024, 728, 728, 512, 3, 1, 7, 4, 1, 8, 4, 1, 13, 2, 0.003072 
1024, 728, 728, 512, 3, 1, 7, 8, 1, 4, 8, 1, 26, 1, 0.002048 
1024, 728, 728, 512, 3, 1, 7, 8, 1, 8, 4, 1, 13, 1, 563.151855 
1024, 728, 728, 512, 3, 1, 7, 8, 1, 8, 4, 2, 13, 1, 0.003072 
1024, 728, 728, 512, 3, 1, 7, 8, 1, 8, 4, 1, 13, 2, 0.003072 
1024, 728, 728, 512, 3, 1, 7, 16, 1, 8, 4, 1, 13, 1, 1229.532104 
1024, 728, 728, 512, 3, 1, 13, 2, 1, 4, 8, 1, 14, 1, 652.692444 
1024, 728, 728, 512, 3, 1, 13, 2, 1, 8, 4, 1, 7, 1, 512.366577 
1024, 728, 728, 512, 3, 1, 13, 2, 1, 8, 4, 2, 7, 1, 678.921204 
1024, 728, 728, 512, 3, 1, 13, 2, 1, 8, 4, 1, 7, 2, 653.028320 
1024, 728, 728, 512, 3, 1, 13, 4, 1, 4, 8, 1, 14, 1, 531.814392 
1024, 728, 728, 512, 3, 1, 13, 4, 1, 8, 4, 1, 7, 1, 487.708679 
1024, 728, 728, 512, 3, 1, 13, 4, 1, 8, 4, 2, 7, 1, 533.537781 
1024, 728, 728, 512, 3, 1, 13, 4, 1, 8, 4, 1, 7, 2, 525.401062 
1024, 728, 728, 512, 3, 1, 13, 8, 1, 4, 8, 1, 14, 1, 946.428955 
1024, 728, 728, 512, 3, 1, 13, 8, 1, 8, 4, 1, 7, 1, 1091.452881 
1024, 728, 728, 512, 3, 1, 13, 8, 1, 8, 4, 2, 7, 1, 771.564514 
1024, 728, 728, 512, 3, 1, 13, 8, 1, 8, 4, 1, 7, 2, 948.665344 
1024, 728, 728, 512, 3, 1, 13, 16, 1, 8, 4, 1, 7, 1, 1897.689087 
1024, 728, 728, 512, 3, 1, 14, 2, 1, 4, 8, 1, 13, 1, 678.082520 
1024, 728, 728, 512, 3, 1, 14, 4, 1, 4, 8, 1, 13, 1, 558.614502 
1024, 728, 728, 512, 3, 1, 14, 8, 1, 4, 8, 1, 13, 1, 0.002048 
1024, 728, 728, 512, 3, 1, 26, 2, 1, 4, 8, 1, 7, 1, 498.849792 
1024, 728, 728, 512, 3, 1, 26, 4, 1, 4, 8, 1, 7, 1, 728.518677 
64, 520, 520, 16, 3, 1, 5, 2, 1, 4, 8, 1, 26, 1, 0.870368 
64, 520, 520, 16, 3, 1, 5, 2, 1, 8, 4, 1, 13, 1, 0.788448 
64, 520, 520, 16, 3, 1, 5, 2, 1, 8, 4, 2, 13, 1, 0.919520 
64, 520, 520, 16, 3, 1, 5, 2, 1, 8, 4, 1, 13, 2, 0.869376 
64, 520, 520, 16, 3, 1, 5, 4, 1, 4, 8, 1, 26, 1, 0.680960 
64, 520, 520, 16, 3, 1, 5, 4, 1, 8, 4, 1, 13, 1, 0.620544 
64, 520, 520, 16, 3, 1, 5, 4, 1, 8, 4, 2, 13, 1, 0.703488 
64, 520, 520, 16, 3, 1, 5, 4, 1, 8, 4, 1, 13, 2, 0.681952 
64, 520, 520, 16, 3, 1, 5, 8, 1, 8, 4, 1, 13, 1, 0.727072 
64, 520, 520, 16, 3, 1, 5, 8, 1, 8, 4, 2, 13, 1, 0.003072 
64, 520, 520, 16, 3, 1, 10, 2, 1, 2, 16, 1, 26, 1, 0.664576 
64, 520, 520, 16, 3, 1, 10, 2, 1, 4, 8, 1, 13, 1, 0.613376 
64, 520, 520, 16, 3, 1, 10, 2, 1, 4, 8, 1, 13, 2, 0.662528 
64, 520, 520, 16, 3, 1, 10, 4, 1, 4, 8, 1, 13, 1, 0.719872 
64, 520, 520, 16, 3, 1, 13, 2, 1, 2, 16, 1, 20, 1, 0.652288 
64, 520, 520, 16, 3, 1, 13, 2, 1, 4, 8, 1, 10, 1, 0.624640 
64, 520, 520, 16, 3, 1, 13, 2, 1, 4, 8, 1, 10, 2, 0.650240 
64, 520, 520, 16, 3, 1, 13, 2, 1, 8, 4, 1, 5, 1, 0.631808 
64, 520, 520, 16, 3, 1, 13, 2, 1, 8, 4, 2, 5, 1, 0.633856 
64, 520, 520, 16, 3, 1, 13, 2, 1, 8, 4, 1, 5, 2, 0.622624 
64, 520, 520, 16, 3, 1, 13, 2, 1, 8, 4, 1, 5, 4, 0.649216 
64, 520, 520, 16, 3, 1, 13, 4, 1, 4, 8, 1, 10, 1, 0.781312 
64, 520, 520, 16, 3, 1, 13, 4, 1, 8, 4, 1, 5, 1, 0.622592 
64, 520, 520, 16, 3, 1, 13, 4, 1, 8, 4, 2, 5, 1, 0.793632 
64, 520, 520, 16, 3, 1, 13, 4, 1, 8, 4, 1, 5, 2, 0.781280 
64, 520, 520, 16, 3, 1, 13, 8, 1, 8, 4, 1, 5, 1, 1.236992 
64, 520, 520, 16, 3, 1, 13, 8, 1, 8, 4, 2, 5, 1, 0.998400 
64, 520, 520, 16, 3, 1, 20, 2, 1, 2, 16, 1, 13, 1, 0.721952 
64, 520, 520, 16, 3, 1, 26, 2, 1, 2, 16, 1, 10, 1, 0.793600 
64, 520, 520, 16, 3, 1, 26, 2, 1, 4, 8, 1, 5, 1, 0.706560 
64, 520, 520, 16, 3, 1, 26, 2, 1, 4, 8, 1, 5, 2, 0.786400 
64, 520, 520, 16, 3, 1, 26, 4, 1, 4, 8, 1, 5, 1, 1.094688 
64, 520, 520, 16, 3, 1, 52, 2, 1, 2, 16, 1, 5, 1, 0.850944 
64, 520, 520, 16, 3, 1, 65, 2, 1, 2, 16, 1, 4, 1, 0.608256 
64, 520, 520, 16, 3, 1, 65, 2, 1, 4, 8, 1, 2, 1, 0.836608 
64, 520, 520, 16, 3, 1, 65, 2, 1, 4, 8, 1, 2, 2, 0.614400 
64, 520, 520, 16, 3, 1, 65, 2, 1, 8, 4, 1, 1, 1, 1.262592 
64, 520, 520, 16, 3, 1, 65, 2, 1, 8, 4, 2, 1, 1, 1.169408 
64, 520, 520, 16, 3, 1, 65, 2, 1, 8, 4, 1, 1, 2, 0.815104 
64, 520, 520, 16, 3, 1, 65, 2, 1, 8, 4, 1, 1, 4, 0.611328 
16, 832, 832, 1024, 3, 1, 1, 2, 1, 32, 1, 1, 26, 1, 112.002045 
16, 832, 832, 1024, 3, 1, 1, 4, 1, 32, 1, 1, 26, 1, 60.471294 
16, 832, 832, 1024, 3, 1, 1, 8, 1, 32, 1, 1, 26, 1, 0.002048 
16, 832, 832, 1024, 3, 1, 2, 2, 1, 16, 2, 1, 26, 1, 57.620480 
16, 832, 832, 1024, 3, 1, 2, 2, 1, 32, 1, 1, 13, 1, 60.887039 
16, 832, 832, 1024, 3, 1, 2, 2, 1, 32, 1, 2, 13, 1, 62.332928 
16, 832, 832, 1024, 3, 1, 2, 2, 1, 32, 1, 1, 13, 2, 57.598976 
16, 832, 832, 1024, 3, 1, 2, 4, 1, 16, 2, 1, 26, 1, 33.635326 
16, 832, 832, 1024, 3, 1, 2, 4, 1, 32, 1, 1, 13, 1, 35.064831 
16, 832, 832, 1024, 3, 1, 2, 4, 1, 32, 1, 2, 13, 1, 38.018047 
16, 832, 832, 1024, 3, 1, 2, 4, 1, 32, 1, 1, 13, 2, 34.208767 
16, 832, 832, 1024, 3, 1, 2, 8, 1, 32, 1, 1, 13, 1, 38.025215 
16, 832, 832, 1024, 3, 1, 2, 8, 1, 32, 1, 2, 13, 1, 27.338753 
16, 832, 832, 1024, 3, 1, 4, 2, 1, 8, 4, 1, 26, 1, 33.496063 
16, 832, 832, 1024, 3, 1, 4, 2, 1, 16, 2, 1, 13, 1, 35.510273 
16, 832, 832, 1024, 3, 1, 4, 2, 1, 16, 2, 2, 13, 1, 36.142078 
16, 832, 832, 1024, 3, 1, 4, 2, 1, 16, 2, 1, 13, 2, 33.486847 
16, 832, 832, 1024, 3, 1, 4, 4, 1, 16, 2, 1, 13, 1, 23.767040 
16, 832, 832, 1024, 3, 1, 4, 4, 1, 16, 2, 2, 13, 1, 27.045889 
16, 832, 832, 1024, 3, 1, 8, 2, 1, 8, 4, 1, 13, 1, 24.599552 
16, 832, 832, 1024, 3, 1, 13, 2, 1, 8, 4, 1, 8, 1, 23.297953 
16, 832, 832, 1024, 3, 1, 13, 2, 1, 16, 2, 1, 4, 1, 35.587070 
16, 832, 832, 1024, 3, 1, 13, 2, 1, 16, 2, 2, 4, 1, 24.052736 
16, 832, 832, 1024, 3, 1, 13, 2, 1, 16, 2, 1, 4, 2, 22.871008 
16, 832, 832, 1024, 3, 1, 13, 2, 1, 32, 1, 1, 2, 1, 48.662529 
16, 832, 832, 1024, 3, 1, 13, 2, 1, 32, 1, 2, 2, 1, 57.019390 
16, 832, 832, 1024, 3, 1, 13, 2, 1, 32, 1, 1, 2, 2, 36.148224 
16, 832, 832, 1024, 3, 1, 13, 2, 1, 32, 1, 2, 2, 2, 23.590912 
16, 832, 832, 1024, 3, 1, 13, 2, 1, 32, 1, 1, 2, 4, 22.850559 
16, 832, 832, 1024, 3, 1, 13, 4, 1, 16, 2, 1, 4, 1, 21.958656 
16, 832, 832, 1024, 3, 1, 13, 4, 1, 16, 2, 2, 4, 1, 19.689472 
16, 832, 832, 1024, 3, 1, 13, 4, 1, 32, 1, 1, 2, 1, 30.663679 
16, 832, 832, 1024, 3, 1, 13, 4, 1, 32, 1, 2, 2, 1, 30.702593 
16, 832, 832, 1024, 3, 1, 13, 4, 1, 32, 1, 1, 2, 2, 21.969919 
16, 832, 832, 1024, 3, 1, 13, 4, 1, 32, 1, 2, 2, 2, 20.559809 
16, 832, 832, 1024, 3, 1, 13, 8, 1, 32, 1, 1, 2, 1, 53.162975 
16, 832, 832, 1024, 3, 1, 13, 8, 1, 32, 1, 2, 2, 1, 49.392639 
16, 832, 832, 1024, 3, 1, 26, 2, 1, 8, 4, 1, 4, 1, 28.726273 
16, 832, 832, 1024, 3, 1, 26, 2, 1, 16, 2, 1, 2, 1, 38.124542 
16, 832, 832, 1024, 3, 1, 26, 2, 1, 16, 2, 2, 2, 1, 30.798847 
16, 832, 832, 1024, 3, 1, 26, 2, 1, 16, 2, 1, 2, 2, 29.144064 
16, 832, 832, 1024, 3, 1, 26, 2, 1, 32, 1, 1, 1, 1, 65.434624 
16, 832, 832, 1024, 3, 1, 26, 2, 1, 32, 1, 2, 1, 1, 59.807743 
16, 832, 832, 1024, 3, 1, 26, 2, 1, 32, 1, 1, 1, 2, 37.395454 
16, 832, 832, 1024, 3, 1, 26, 2, 1, 32, 1, 2, 1, 2, 30.769152 
16, 832, 832, 1024, 3, 1, 26, 2, 1, 32, 1, 1, 1, 4, 28.733440 
16, 832, 832, 1024, 3, 1, 26, 4, 1, 16, 2, 1, 2, 1, 46.299137 
16, 832, 832, 1024, 3, 1, 26, 4, 1, 16, 2, 2, 2, 1, 32.447487 
16, 832, 832, 1024, 3, 1, 26, 4, 1, 32, 1, 1, 1, 1, 70.810623 
16, 832, 832, 1024, 3, 1, 26, 4, 1, 32, 1, 2, 1, 1, 63.041534 
16, 832, 832, 1024, 3, 1, 26, 4, 1, 32, 1, 1, 1, 2, 46.581760 
16, 832, 832, 1024, 3, 1, 26, 4, 1, 32, 1, 2, 1, 2, 31.729664 
16, 832, 832, 1024, 3, 1, 52, 2, 1, 8, 4, 1, 2, 1, 43.445248 
16, 832, 832, 1024, 3, 1, 52, 2, 1, 16, 2, 1, 1, 1, 68.133888 
16, 832, 832, 1024, 3, 1, 52, 2, 1, 16, 2, 2, 1, 1, 45.953026 
16, 832, 832, 1024, 3, 1, 52, 2, 1, 16, 2, 1, 1, 2, 43.079681 
128, 56, 56, 3, 3, 1, 1, 2, 1, 2, 16, 1, 28, 1, 0.031712 
128, 56, 56, 3, 3, 1, 1, 2, 1, 4, 8, 1, 14, 1, 0.028672 
128, 56, 56, 3, 3, 1, 1, 2, 1, 4, 8, 2, 14, 1, 0.030720 
128, 56, 56, 3, 3, 1, 1, 2, 1, 4, 8, 1, 14, 2, 0.031744 
128, 56, 56, 3, 3, 1, 1, 2, 1, 8, 4, 1, 7, 1, 0.029696 
128, 56, 56, 3, 3, 1, 1, 2, 1, 8, 4, 2, 7, 1, 0.028640 
128, 56, 56, 3, 3, 1, 1, 2, 1, 8, 4, 4, 7, 1, 0.028672 
128, 56, 56, 3, 3, 1, 1, 2, 1, 8, 4, 1, 7, 2, 0.028672 
128, 56, 56, 3, 3, 1, 1, 2, 1, 8, 4, 2, 7, 2, 0.029696 
128, 56, 56, 3, 3, 1, 1, 2, 1, 8, 4, 1, 7, 4, 0.032736 
128, 56, 56, 3, 3, 1, 1, 4, 1, 2, 16, 1, 28, 1, 0.011264 
128, 56, 56, 3, 3, 1, 1, 4, 1, 4, 8, 1, 14, 1, 0.029664 
128, 56, 56, 3, 3, 1, 1, 4, 1, 4, 8, 2, 14, 1, 0.011264 
128, 56, 56, 3, 3, 1, 1, 4, 1, 4, 8, 1, 14, 2, 0.011264 
128, 56, 56, 3, 3, 1, 1, 4, 1, 8, 4, 1, 7, 1, 0.025600 
128, 56, 56, 3, 3, 1, 1, 4, 1, 8, 4, 2, 7, 1, 0.024576 
128, 56, 56, 3, 3, 1, 1, 4, 1, 8, 4, 4, 7, 1, 0.027648 
128, 56, 56, 3, 3, 1, 1, 4, 1, 8, 4, 1, 7, 2, 0.028640 
128, 56, 56, 3, 3, 1, 1, 4, 1, 8, 4, 2, 7, 2, 0.012288 
128, 56, 56, 3, 3, 1, 1, 4, 1, 8, 4, 1, 7, 4, 0.011264 
128, 56, 56, 3, 3, 1, 1, 8, 1, 4, 8, 1, 14, 1, 0.032768 
128, 56, 56, 3, 3, 1, 1, 8, 1, 4, 8, 2, 14, 1, 0.011296 
128, 56, 56, 3, 3, 1, 1, 8, 1, 8, 4, 1, 7, 1, 0.025600 
128, 56, 56, 3, 3, 1, 1, 8, 1, 8, 4, 2, 7, 1, 0.026624 
128, 56, 56, 3, 3, 1, 1, 8, 1, 8, 4, 4, 7, 1, 0.011264 
128, 56, 56, 3, 3, 1, 1, 8, 1, 8, 4, 1, 7, 2, 0.033792 
128, 56, 56, 3, 3, 1, 1, 8, 1, 8, 4, 2, 7, 2, 0.010240 
128, 56, 56, 3, 3, 1, 1, 16, 1, 8, 4, 1, 7, 1, 0.029696 
128, 56, 56, 3, 3, 1, 1, 16, 1, 8, 4, 2, 7, 1, 0.028672 
128, 56, 56, 3, 3, 1, 1, 16, 1, 8, 4, 4, 7, 1, 0.011264 
128, 56, 56, 3, 3, 1, 2, 2, 1, 1, 32, 1, 28, 1, 0.031744 
128, 56, 56, 3, 3, 1, 2, 2, 1, 2, 16, 1, 14, 1, 0.025632 
128, 56, 56, 3, 3, 1, 2, 2, 1, 2, 16, 2, 14, 1, 0.027680 
128, 56, 56, 3, 3, 1, 2, 2, 1, 2, 16, 1, 14, 2, 0.030720 
128, 56, 56, 3, 3, 1, 2, 2, 1, 4, 8, 1, 7, 1, 0.024576 
128, 56, 56, 3, 3, 1, 2, 2, 1, 4, 8, 2, 7, 1, 0.022528 
128, 56, 56, 3, 3, 1, 2, 2, 1, 4, 8, 4, 7, 1, 0.026656 
128, 56, 56, 3, 3, 1, 2, 2, 1, 4, 8, 1, 7, 2, 0.024576 
128, 56, 56, 3, 3, 1, 2, 2, 1, 4, 8, 2, 7, 2, 0.026624 
128, 56, 56, 3, 3, 1, 2, 2, 1, 4, 8, 1, 7, 4, 0.030720 
128, 56, 56, 3, 3, 1, 2, 4, 1, 2, 16, 1, 14, 1, 0.026624 
128, 56, 56, 3, 3, 1, 2, 4, 1, 2, 16, 2, 14, 1, 0.025600 
128, 56, 56, 3, 3, 1, 2, 4, 1, 4, 8, 1, 7, 1, 0.021504 
128, 56, 56, 3, 3, 1, 2, 4, 1, 4, 8, 2, 7, 1, 0.022496 
128, 56, 56, 3, 3, 1, 2, 4, 1, 4, 8, 4, 7, 1, 0.024608 
128, 56, 56, 3, 3, 1, 2, 4, 1, 4, 8, 1, 7, 2, 0.023552 
128, 56, 56, 3, 3, 1, 2, 4, 1, 4, 8, 2, 7, 2, 0.025568 
128, 56, 56, 3, 3, 1, 2, 8, 1, 4, 8, 1, 7, 1, 0.023552 
128, 56, 56, 3, 3, 1, 2, 8, 1, 4, 8, 2, 7, 1, 0.025600 
128, 56, 56, 3, 3, 1, 2, 8, 1, 4, 8, 4, 7, 1, 0.012288 
128, 56, 56, 3, 3, 1, 4, 2, 1, 1, 32, 1, 14, 1, 0.023552 
128, 56, 56, 3, 3, 1, 4, 2, 1, 1, 32, 2, 14, 1, 0.023552 
128, 56, 56, 3, 3, 1, 4, 2, 1, 2, 16, 1, 7, 1, 0.020480 
128, 56, 56, 3, 3, 1, 4, 2, 1, 2, 16, 2, 7, 1, 0.022560 
128, 56, 56, 3, 3, 1, 4, 2, 1, 2, 16, 4, 7, 1, 0.023552 
128, 56, 56, 3, 3, 1, 4, 2, 1, 2, 16, 1, 7, 2, 0.024576 
128, 56, 56, 3, 3, 1, 4, 2, 1, 2, 16, 2, 7, 2, 0.024576 
128, 56, 56, 3, 3, 1, 4, 4, 1, 2, 16, 1, 7, 1, 0.023552 
128, 56, 56, 3, 3, 1, 4, 4, 1, 2, 16, 2, 7, 1, 0.022528 
128, 56, 56, 3, 3, 1, 4, 4, 1, 2, 16, 4, 7, 1, 0.028672 
128, 56, 56, 3, 3, 1, 7, 2, 1, 1, 32, 1, 8, 1, 0.022496 
128, 56, 56, 3, 3, 1, 7, 2, 1, 1, 32, 2, 8, 1, 0.024576 
128, 56, 56, 3, 3, 1, 7, 2, 1, 1, 32, 4, 8, 1, 0.038912 
128, 56, 56, 3, 3, 1, 7, 2, 1, 2, 16, 1, 4, 1, 0.021504 
128, 56, 56, 3, 3, 1, 7, 2, 1, 2, 16, 2, 4, 1, 0.022528 
128, 56, 56, 3, 3, 1, 7, 2, 1, 2, 16, 4, 4, 1, 0.023552 
128, 56, 56, 3, 3, 1, 7, 2, 1, 2, 16, 7, 4, 1, 0.025600 
128, 56, 56, 3, 3, 1, 7, 2, 1, 2, 16, 8, 4, 1, 0.030720 
128, 56, 56, 3, 3, 1, 7, 2, 1, 2, 16, 1, 4, 2, 0.024576 
128, 56, 56, 3, 3, 1, 7, 2, 1, 2, 16, 2, 4, 2, 0.025600 
128, 56, 56, 3, 3, 1, 7, 2, 1, 2, 16, 4, 4, 2, 0.039936 
128, 56, 56, 3, 3, 1, 7, 2, 1, 4, 8, 1, 2, 1, 0.021504 
128, 56, 56, 3, 3, 1, 7, 2, 1, 4, 8, 2, 2, 1, 0.021504 
128, 56, 56, 3, 3, 1, 7, 2, 1, 4, 8, 4, 2, 1, 0.022528 
128, 56, 56, 3, 3, 1, 7, 2, 1, 4, 8, 7, 2, 1, 0.021504 
128, 56, 56, 3, 3, 1, 7, 2, 1, 4, 8, 8, 2, 1, 0.022560 
128, 56, 56, 3, 3, 1, 7, 2, 1, 4, 8, 14, 2, 1, 0.025600 
128, 56, 56, 3, 3, 1, 7, 2, 1, 4, 8, 1, 2, 2, 0.021504 
128, 56, 56, 3, 3, 1, 7, 2, 1, 4, 8, 2, 2, 2, 0.021504 
128, 56, 56, 3, 3, 1, 7, 2, 1, 4, 8, 4, 2, 2, 0.023552 
128, 56, 56, 3, 3, 1, 7, 2, 1, 4, 8, 7, 2, 2, 0.026624 
128, 56, 56, 3, 3, 1, 7, 2, 1, 4, 8, 8, 2, 2, 0.030720 
128, 56, 56, 3, 3, 1, 7, 2, 1, 4, 8, 1, 2, 4, 0.024576 
128, 56, 56, 3, 3, 1, 7, 2, 1, 4, 8, 2, 2, 4, 0.024576 
128, 56, 56, 3, 3, 1, 7, 2, 1, 4, 8, 4, 2, 4, 0.036864 
128, 56, 56, 3, 3, 1, 7, 2, 1, 8, 4, 1, 1, 1, 0.022528 
128, 56, 56, 3, 3, 1, 7, 2, 1, 8, 4, 2, 1, 1, 0.021504 
128, 56, 56, 3, 3, 1, 7, 2, 1, 8, 4, 4, 1, 1, 0.023552 
128, 56, 56, 3, 3, 1, 7, 2, 1, 8, 4, 7, 1, 1, 0.022560 
128, 56, 56, 3, 3, 1, 7, 2, 1, 8, 4, 8, 1, 1, 0.021504 
128, 56, 56, 3, 3, 1, 7, 2, 1, 8, 4, 14, 1, 1, 0.020480 
128, 56, 56, 3, 3, 1, 7, 2, 1, 8, 4, 28, 1, 1, 0.024576 
128, 56, 56, 3, 3, 1, 7, 2, 1, 8, 4, 1, 1, 2, 0.020480 
128, 56, 56, 3, 3, 1, 7, 2, 1, 8, 4, 2, 1, 2, 0.020480 
128, 56, 56, 3, 3, 1, 7, 2, 1, 8, 4, 4, 1, 2, 0.022528 
128, 56, 56, 3, 3, 1, 7, 2, 1, 8, 4, 7, 1, 2, 0.021472 
128, 56, 56, 3, 3, 1, 7, 2, 1, 8, 4, 8, 1, 2, 0.023552 
128, 56, 56, 3, 3, 1, 7, 2, 1, 8, 4, 14, 1, 2, 0.025600 
128, 56, 56, 3, 3, 1, 7, 2, 1, 8, 4, 1, 1, 4, 0.021504 
128, 56, 56, 3, 3, 1, 7, 2, 1, 8, 4, 2, 1, 4, 0.023552 
128, 56, 56, 3, 3, 1, 7, 2, 1, 8, 4, 4, 1, 4, 0.023552 
128, 56, 56, 3, 3, 1, 7, 2, 1, 8, 4, 7, 1, 4, 0.024576 
128, 56, 56, 3, 3, 1, 7, 2, 1, 8, 4, 8, 1, 4, 0.030720 
128, 56, 56, 3, 3, 1, 7, 2, 1, 8, 4, 1, 1, 8, 0.024544 
128, 56, 56, 3, 3, 1, 7, 2, 1, 8, 4, 2, 1, 8, 0.025568 
128, 56, 56, 3, 3, 1, 7, 2, 1, 8, 4, 4, 1, 8, 0.038912 
128, 56, 56, 3, 3, 1, 7, 4, 1, 2, 16, 1, 4, 1, 0.023520 
128, 56, 56, 3, 3, 1, 7, 4, 1, 2, 16, 2, 4, 1, 0.023584 
128, 56, 56, 3, 3, 1, 7, 4, 1, 2, 16, 4, 4, 1, 0.028672 
128, 56, 56, 3, 3, 1, 7, 4, 1, 2, 16, 7, 4, 1, 0.011264 
128, 56, 56, 3, 3, 1, 7, 4, 1, 2, 16, 8, 4, 1, 0.011264 
128, 56, 56, 3, 3, 1, 7, 4, 1, 4, 8, 1, 2, 1, 0.021504 
128, 56, 56, 3, 3, 1, 7, 4, 1, 4, 8, 2, 2, 1, 0.023552 
128, 56, 56, 3, 3, 1, 7, 4, 1, 4, 8, 4, 2, 1, 0.024576 
128, 56, 56, 3, 3, 1, 7, 4, 1, 4, 8, 7, 2, 1, 0.024576 
128, 56, 56, 3, 3, 1, 7, 4, 1, 4, 8, 8, 2, 1, 0.026624 
128, 56, 56, 3, 3, 1, 7, 4, 1, 4, 8, 14, 2, 1, 0.012288 
128, 56, 56, 3, 3, 1, 7, 4, 1, 4, 8, 1, 2, 2, 0.022528 
128, 56, 56, 3, 3, 1, 7, 4, 1, 4, 8, 2, 2, 2, 0.024576 
128, 56, 56, 3, 3, 1, 7, 4, 1, 4, 8, 4, 2, 2, 0.029696 
128, 56, 56, 3, 3, 1, 7, 4, 1, 4, 8, 7, 2, 2, 0.010240 
128, 56, 56, 3, 3, 1, 7, 4, 1, 4, 8, 8, 2, 2, 0.011264 
128, 56, 56, 3, 3, 1, 7, 4, 1, 8, 4, 1, 1, 1, 0.022528 
128, 56, 56, 3, 3, 1, 7, 4, 1, 8, 4, 2, 1, 1, 0.024576 
128, 56, 56, 3, 3, 1, 7, 4, 1, 8, 4, 4, 1, 1, 0.023552 
128, 56, 56, 3, 3, 1, 7, 4, 1, 8, 4, 7, 1, 1, 0.022528 
128, 56, 56, 3, 3, 1, 7, 4, 1, 8, 4, 8, 1, 1, 0.022528 
128, 56, 56, 3, 3, 1, 7, 4, 1, 8, 4, 14, 1, 1, 0.025600 
128, 56, 56, 3, 3, 1, 7, 4, 1, 8, 4, 28, 1, 1, 0.011264 
128, 56, 56, 3, 3, 1, 7, 4, 1, 8, 4, 1, 1, 2, 0.023552 
128, 56, 56, 3, 3, 1, 7, 4, 1, 8, 4, 2, 1, 2, 0.029696 
128, 56, 56, 3, 3, 1, 7, 4, 1, 8, 4, 4, 1, 2, 0.023552 
128, 56, 56, 3, 3, 1, 7, 4, 1, 8, 4, 7, 1, 2, 0.026624 
128, 56, 56, 3, 3, 1, 7, 4, 1, 8, 4, 8, 1, 2, 0.027680 
128, 56, 56, 3, 3, 1, 7, 4, 1, 8, 4, 14, 1, 2, 0.010240 
128, 56, 56, 3, 3, 1, 7, 4, 1, 8, 4, 1, 1, 4, 0.023552 
128, 56, 56, 3, 3, 1, 7, 4, 1, 8, 4, 2, 1, 4, 0.022528 
128, 56, 56, 3, 3, 1, 7, 4, 1, 8, 4, 4, 1, 4, 0.030720 
128, 56, 56, 3, 3, 1, 7, 4, 1, 8, 4, 7, 1, 4, 0.012288 
128, 56, 56, 3, 3, 1, 7, 4, 1, 8, 4, 8, 1, 4, 0.011264 
128, 56, 56, 3, 3, 1, 7, 8, 1, 4, 8, 1, 2, 1, 0.027648 
128, 56, 56, 3, 3, 1, 7, 8, 1, 4, 8, 2, 2, 1, 0.025600 
128, 56, 56, 3, 3, 1, 7, 8, 1, 4, 8, 4, 2, 1, 0.027648 
128, 56, 56, 3, 3, 1, 7, 8, 1, 4, 8, 7, 2, 1, 0.031776 
128, 56, 56, 3, 3, 1, 7, 8, 1, 4, 8, 8, 2, 1, 0.035840 
128, 56, 56, 3, 3, 1, 7, 8, 1, 4, 8, 14, 2, 1, 0.012288 
128, 56, 56, 3, 3, 1, 7, 8, 1, 8, 4, 1, 1, 1, 0.025600 
128, 56, 56, 3, 3, 1, 7, 8, 1, 8, 4, 2, 1, 1, 0.025600 
128, 56, 56, 3, 3, 1, 7, 8, 1, 8, 4, 4, 1, 1, 0.023552 
128, 56, 56, 3, 3, 1, 7, 8, 1, 8, 4, 7, 1, 1, 0.026624 
128, 56, 56, 3, 3, 1, 7, 8, 1, 8, 4, 8, 1, 1, 0.026624 
128, 56, 56, 3, 3, 1, 7, 8, 1, 8, 4, 14, 1, 1, 0.032768 
128, 56, 56, 3, 3, 1, 7, 8, 1, 8, 4, 28, 1, 1, 0.011264 
128, 56, 56, 3, 3, 1, 7, 8, 1, 8, 4, 1, 1, 2, 0.026624 
128, 56, 56, 3, 3, 1, 7, 8, 1, 8, 4, 2, 1, 2, 0.023552 
128, 56, 56, 3, 3, 1, 7, 8, 1, 8, 4, 4, 1, 2, 0.028672 
128, 56, 56, 3, 3, 1, 7, 8, 1, 8, 4, 7, 1, 2, 0.032768 
128, 56, 56, 3, 3, 1, 7, 8, 1, 8, 4, 8, 1, 2, 0.037888 
128, 56, 56, 3, 3, 1, 7, 8, 1, 8, 4, 14, 1, 2, 0.010240 
128, 56, 56, 3, 3, 1, 7, 16, 1, 8, 4, 1, 1, 1, 0.040992 
128, 56, 56, 3, 3, 1, 7, 16, 1, 8, 4, 2, 1, 1, 0.041984 
128, 56, 56, 3, 3, 1, 7, 16, 1, 8, 4, 4, 1, 1, 0.043008 
128, 56, 56, 3, 3, 1, 7, 16, 1, 8, 4, 7, 1, 1, 0.044032 
128, 56, 56, 3, 3, 1, 7, 16, 1, 8, 4, 8, 1, 1, 0.049152 
128, 56, 56, 3, 3, 1, 7, 16, 1, 8, 4, 14, 1, 1, 0.060416 
128, 56, 56, 3, 3, 1, 8, 2, 1, 1, 32, 1, 7, 1, 0.022528 
128, 56, 56, 3, 3, 1, 8, 2, 1, 1, 32, 2, 7, 1, 0.022528 
128, 56, 56, 3, 3, 1, 8, 2, 1, 1, 32, 4, 7, 1, 0.028640 
128, 56, 56, 3, 3, 1, 14, 2, 1, 1, 32, 1, 4, 1, 0.022528 
128, 56, 56, 3, 3, 1, 14, 2, 1, 1, 32, 2, 4, 1, 0.023552 
128, 56, 56, 3, 3, 1, 14, 2, 1, 1, 32, 4, 4, 1, 0.029696 
128, 56, 56, 3, 3, 1, 14, 2, 1, 2, 16, 1, 2, 1, 0.021504 
128, 56, 56, 3, 3, 1, 14, 2, 1, 2, 16, 2, 2, 1, 0.030720 
128, 56, 56, 3, 3, 1, 14, 2, 1, 2, 16, 4, 2, 1, 0.025600 
128, 56, 56, 3, 3, 1, 14, 2, 1, 2, 16, 7, 2, 1, 0.024576 
128, 56, 56, 3, 3, 1, 14, 2, 1, 2, 16, 8, 2, 1, 0.029696 
128, 56, 56, 3, 3, 1, 14, 2, 1, 2, 16, 1, 2, 2, 0.023552 
128, 56, 56, 3, 3, 1, 14, 2, 1, 2, 16, 2, 2, 2, 0.023552 
128, 56, 56, 3, 3, 1, 14, 2, 1, 2, 16, 4, 2, 2, 0.030720 
128, 56, 56, 3, 3, 1, 14, 2, 1, 4, 8, 1, 1, 1, 0.022560 
128, 56, 56, 3, 3, 1, 14, 2, 1, 4, 8, 2, 1, 1, 0.021504 
128, 56, 56, 3, 3, 1, 14, 2, 1, 4, 8, 4, 1, 1, 0.023552 
128, 56, 56, 3, 3, 1, 14, 2, 1, 4, 8, 7, 1, 1, 0.022528 
128, 56, 56, 3, 3, 1, 14, 2, 1, 4, 8, 8, 1, 1, 0.023552 
128, 56, 56, 3, 3, 1, 14, 2, 1, 4, 8, 14, 1, 1, 0.025568 
128, 56, 56, 3, 3, 1, 14, 2, 1, 4, 8, 1, 1, 2, 0.022528 
128, 56, 56, 3, 3, 1, 14, 2, 1, 4, 8, 2, 1, 2, 0.023552 
128, 56, 56, 3, 3, 1, 14, 2, 1, 4, 8, 4, 1, 2, 0.023552 
128, 56, 56, 3, 3, 1, 14, 2, 1, 4, 8, 7, 1, 2, 0.026624 
128, 56, 56, 3, 3, 1, 14, 2, 1, 4, 8, 8, 1, 2, 0.029696 
128, 56, 56, 3, 3, 1, 14, 2, 1, 4, 8, 1, 1, 4, 0.023584 
128, 56, 56, 3, 3, 1, 14, 2, 1, 4, 8, 2, 1, 4, 0.025568 
128, 56, 56, 3, 3, 1, 14, 2, 1, 4, 8, 4, 1, 4, 0.030720 
128, 56, 56, 3, 3, 1, 14, 4, 1, 2, 16, 1, 2, 1, 0.027680 
128, 56, 56, 3, 3, 1, 14, 4, 1, 2, 16, 2, 2, 1, 0.024576 
128, 56, 56, 3, 3, 1, 14, 4, 1, 2, 16, 4, 2, 1, 0.031744 
128, 56, 56, 3, 3, 1, 14, 4, 1, 2, 16, 7, 2, 1, 0.032768 
128, 56, 56, 3, 3, 1, 14, 4, 1, 2, 16, 8, 2, 1, 0.041984 
128, 56, 56, 3, 3, 1, 14, 4, 1, 4, 8, 1, 1, 1, 0.024576 
128, 56, 56, 3, 3, 1, 14, 4, 1, 4, 8, 2, 1, 1, 0.026592 
128, 56, 56, 3, 3, 1, 14, 4, 1, 4, 8, 4, 1, 1, 0.025600 
128, 56, 56, 3, 3, 1, 14, 4, 1, 4, 8, 7, 1, 1, 0.027648 
128, 56, 56, 3, 3, 1, 14, 4, 1, 4, 8, 8, 1, 1, 0.027648 
128, 56, 56, 3, 3, 1, 14, 4, 1, 4, 8, 14, 1, 1, 0.031744 
128, 56, 56, 3, 3, 1, 14, 4, 1, 4, 8, 1, 1, 2, 0.026624 
128, 56, 56, 3, 3, 1, 14, 4, 1, 4, 8, 2, 1, 2, 0.025568 
128, 56, 56, 3, 3, 1, 14, 4, 1, 4, 8, 4, 1, 2, 0.032768 
128, 56, 56, 3, 3, 1, 14, 4, 1, 4, 8, 7, 1, 2, 0.031744 
128, 56, 56, 3, 3, 1, 14, 4, 1, 4, 8, 8, 1, 2, 0.040960 
128, 56, 56, 3, 3, 1, 14, 8, 1, 4, 8, 1, 1, 1, 0.040960 
128, 56, 56, 3, 3, 1, 14, 8, 1, 4, 8, 2, 1, 1, 0.039936 
128, 56, 56, 3, 3, 1, 14, 8, 1, 4, 8, 4, 1, 1, 0.043008 
128, 56, 56, 3, 3, 1, 14, 8, 1, 4, 8, 7, 1, 1, 0.048128 
128, 56, 56, 3, 3, 1, 14, 8, 1, 4, 8, 8, 1, 1, 0.054240 
128, 56, 56, 3, 3, 1, 14, 8, 1, 4, 8, 14, 1, 1, 0.012288 
128, 56, 56, 3, 3, 1, 28, 2, 1, 1, 32, 1, 2, 1, 0.026624 
128, 56, 56, 3, 3, 1, 28, 2, 1, 1, 32, 2, 2, 1, 0.025600 
128, 56, 56, 3, 3, 1, 28, 2, 1, 1, 32, 4, 2, 1, 0.027680 
128, 56, 56, 3, 3, 1, 28, 2, 1, 2, 16, 1, 1, 1, 0.025600 
128, 56, 56, 3, 3, 1, 28, 2, 1, 2, 16, 2, 1, 1, 0.026624 
128, 56, 56, 3, 3, 1, 28, 2, 1, 2, 16, 4, 1, 1, 0.025632 
128, 56, 56, 3, 3, 1, 28, 2, 1, 2, 16, 7, 1, 1, 0.026624 
128, 56, 56, 3, 3, 1, 28, 2, 1, 2, 16, 8, 1, 1, 0.029696 
128, 56, 56, 3, 3, 1, 28, 2, 1, 2, 16, 1, 1, 2, 0.026624 
128, 56, 56, 3, 3, 1, 28, 2, 1, 2, 16, 2, 1, 2, 0.025632 
128, 56, 56, 3, 3, 1, 28, 2, 1, 2, 16, 4, 1, 2, 0.029696 
128, 56, 56, 3, 3, 1, 28, 4, 1, 2, 16, 1, 1, 1, 0.037856 
128, 56, 56, 3, 3, 1, 28, 4, 1, 2, 16, 2, 1, 1, 0.035808 
128, 56, 56, 3, 3, 1, 28, 4, 1, 2, 16, 4, 1, 1, 0.040928 
128, 56, 56, 3, 3, 1, 28, 4, 1, 2, 16, 7, 1, 1, 0.040960 
128, 56, 56, 3, 3, 1, 28, 4, 1, 2, 16, 8, 1, 1, 0.047104 
128, 56, 56, 3, 3, 1, 56, 2, 1, 1, 32, 1, 1, 1, 0.033760 
128, 56, 56, 3, 3, 1, 56, 2, 1, 1, 32, 2, 1, 1, 0.033792 
128, 56, 56, 3, 3, 1, 56, 2, 1, 1, 32, 4, 1, 1, 0.037888 
64, 200, 200, 32, 3, 1, 1, 2, 1, 8, 4, 1, 25, 1, 0.705536 
64, 200, 200, 32, 3, 1, 1, 4, 1, 8, 4, 1, 25, 1, 0.456704 
64, 200, 200, 32, 3, 1, 1, 8, 1, 8, 4, 1, 25, 1, 0.003072 
64, 200, 200, 32, 3, 1, 2, 2, 1, 4, 8, 1, 25, 1, 0.382976 
64, 200, 200, 32, 3, 1, 2, 4, 1, 4, 8, 1, 25, 1, 0.256992 
64, 200, 200, 32, 3, 1, 4, 2, 1, 2, 16, 1, 25, 1, 0.234496 
64, 200, 200, 32, 3, 1, 5, 2, 1, 2, 16, 1, 20, 1, 0.234496 
64, 200, 200, 32, 3, 1, 5, 2, 1, 4, 8, 1, 10, 1, 0.224224 
64, 200, 200, 32, 3, 1, 5, 2, 1, 4, 8, 2, 10, 1, 0.244704 
64, 200, 200, 32, 3, 1, 5, 2, 1, 4, 8, 1, 10, 2, 0.232416 
64, 200, 200, 32, 3, 1, 5, 2, 1, 8, 4, 1, 5, 1, 0.233504 
64, 200, 200, 32, 3, 1, 5, 2, 1, 8, 4, 2, 5, 1, 0.228352 
64, 200, 200, 32, 3, 1, 5, 2, 1, 8, 4, 4, 5, 1, 0.268288 
64, 200, 200, 32, 3, 1, 5, 2, 1, 8, 4, 5, 5, 1, 0.240640 
64, 200, 200, 32, 3, 1, 5, 2, 1, 8, 4, 1, 5, 2, 0.229408 
64, 200, 200, 32, 3, 1, 5, 2, 1, 8, 4, 2, 5, 2, 0.243744 
64, 200, 200, 32, 3, 1, 5, 2, 1, 8, 4, 1, 5, 4, 0.232448 
64, 200, 200, 32, 3, 1, 5, 4, 1, 4, 8, 1, 10, 1, 0.198688 
64, 200, 200, 32, 3, 1, 5, 4, 1, 4, 8, 2, 10, 1, 0.202720 
64, 200, 200, 32, 3, 1, 5, 4, 1, 8, 4, 1, 5, 1, 0.189440 
64, 200, 200, 32, 3, 1, 5, 4, 1, 8, 4, 2, 5, 1, 0.205824 
64, 200, 200, 32, 3, 1, 5, 4, 1, 8, 4, 4, 5, 1, 0.234528 
64, 200, 200, 32, 3, 1, 5, 4, 1, 8, 4, 5, 5, 1, 0.183264 
64, 200, 200, 32, 3, 1, 5, 4, 1, 8, 4, 1, 5, 2, 0.204800 
64, 200, 200, 32, 3, 1, 5, 4, 1, 8, 4, 2, 5, 2, 0.203712 
64, 200, 200, 32, 3, 1, 5, 8, 1, 8, 4, 1, 5, 1, 0.208928 
64, 200, 200, 32, 3, 1, 5, 8, 1, 8, 4, 2, 5, 1, 0.213024 
64, 200, 200, 32, 3, 1, 5, 8, 1, 8, 4, 4, 5, 1, 0.260096 
64, 200, 200, 32, 3, 1, 5, 8, 1, 8, 4, 5, 5, 1, 0.003072 
64, 200, 200, 32, 3, 1, 10, 2, 1, 2, 16, 1, 10, 1, 0.199712 
64, 200, 200, 32, 3, 1, 10, 2, 1, 2, 16, 2, 10, 1, 0.204800 
64, 200, 200, 32, 3, 1, 10, 2, 1, 4, 8, 1, 5, 1, 0.193536 
64, 200, 200, 32, 3, 1, 10, 2, 1, 4, 8, 2, 5, 1, 0.202784 
64, 200, 200, 32, 3, 1, 10, 2, 1, 4, 8, 4, 5, 1, 0.234432 
64, 200, 200, 32, 3, 1, 10, 2, 1, 4, 8, 5, 5, 1, 0.178176 
64, 200, 200, 32, 3, 1, 10, 2, 1, 4, 8, 1, 5, 2, 0.215040 
64, 200, 200, 32, 3, 1, 10, 2, 1, 4, 8, 2, 5, 2, 0.201696 
64, 200, 200, 32, 3, 1, 10, 4, 1, 4, 8, 1, 5, 1, 0.203776 
64, 200, 200, 32, 3, 1, 10, 4, 1, 4, 8, 2, 5, 1, 0.218144 
64, 200, 200, 32, 3, 1, 10, 4, 1, 4, 8, 4, 5, 1, 0.260096 
64, 200, 200, 32, 3, 1, 10, 4, 1, 4, 8, 5, 5, 1, 0.002048 
64, 200, 200, 32, 3, 1, 20, 2, 1, 2, 16, 1, 5, 1, 0.221184 
64, 200, 200, 32, 3, 1, 20, 2, 1, 2, 16, 2, 5, 1, 0.283680 
64, 200, 200, 32, 3, 1, 25, 2, 1, 2, 16, 1, 4, 1, 0.183296 
64, 200, 200, 32, 3, 1, 25, 2, 1, 2, 16, 2, 4, 1, 0.214048 
64, 200, 200, 32, 3, 1, 25, 2, 1, 4, 8, 1, 2, 1, 0.210944 
64, 200, 200, 32, 3, 1, 25, 2, 1, 4, 8, 2, 2, 1, 0.210944 
64, 200, 200, 32, 3, 1, 25, 2, 1, 4, 8, 4, 2, 1, 0.248800 
64, 200, 200, 32, 3, 1, 25, 2, 1, 4, 8, 5, 2, 1, 0.258080 
64, 200, 200, 32, 3, 1, 25, 2, 1, 4, 8, 1, 2, 2, 0.179200 
64, 200, 200, 32, 3, 1, 25, 2, 1, 4, 8, 2, 2, 2, 0.215072 
64, 200, 200, 32, 3, 1, 25, 2, 1, 8, 4, 1, 1, 1, 0.243712 
64, 200, 200, 32, 3, 1, 25, 2, 1, 8, 4, 2, 1, 1, 0.202752 
64, 200, 200, 32, 3, 1, 25, 2, 1, 8, 4, 4, 1, 1, 0.210944 
64, 200, 200, 32, 3, 1, 25, 2, 1, 8, 4, 5, 1, 1, 0.222208 
64, 200, 200, 32, 3, 1, 25, 2, 1, 8, 4, 8, 1, 1, 0.246784 
64, 200, 200, 32, 3, 1, 25, 2, 1, 8, 4, 1, 1, 2, 0.211968 
64, 200, 200, 32, 3, 1, 25, 2, 1, 8, 4, 2, 1, 2, 0.210944 
64, 200, 200, 32, 3, 1, 25, 2, 1, 8, 4, 4, 1, 2, 0.239616 
64, 200, 200, 32, 3, 1, 25, 2, 1, 8, 4, 5, 1, 2, 0.254976 
64, 200, 200, 32, 3, 1, 25, 2, 1, 8, 4, 1, 1, 4, 0.179200 
64, 200, 200, 32, 3, 1, 25, 2, 1, 8, 4, 2, 1, 4, 0.214016 
64, 200, 200, 32, 3, 1, 25, 4, 1, 4, 8, 1, 2, 1, 0.391168 
64, 200, 200, 32, 3, 1, 25, 4, 1, 4, 8, 2, 2, 1, 0.335872 
64, 200, 200, 32, 3, 1, 25, 4, 1, 4, 8, 4, 2, 1, 0.508928 
64, 200, 200, 32, 3, 1, 25, 4, 1, 4, 8, 5, 2, 1, 0.345120 
64, 200, 200, 32, 3, 1, 25, 4, 1, 8, 4, 1, 1, 1, 0.416800 
64, 200, 200, 32, 3, 1, 25, 4, 1, 8, 4, 2, 1, 1, 0.430080 
64, 200, 200, 32, 3, 1, 25, 4, 1, 8, 4, 4, 1, 1, 0.414720 
64, 200, 200, 32, 3, 1, 25, 4, 1, 8, 4, 5, 1, 1, 0.390144 
64, 200, 200, 32, 3, 1, 25, 4, 1, 8, 4, 8, 1, 1, 0.569344 
64, 200, 200, 32, 3, 1, 25, 4, 1, 8, 4, 1, 1, 2, 0.397344 
64, 200, 200, 32, 3, 1, 25, 4, 1, 8, 4, 2, 1, 2, 0.338944 
64, 200, 200, 32, 3, 1, 25, 4, 1, 8, 4, 4, 1, 2, 0.501760 
64, 200, 200, 32, 3, 1, 25, 4, 1, 8, 4, 5, 1, 2, 0.346112 
64, 200, 200, 32, 3, 1, 25, 8, 1, 8, 4, 1, 1, 1, 2.016256 
64, 200, 200, 32, 3, 1, 25, 8, 1, 8, 4, 2, 1, 1, 1.961984 
64, 200, 200, 32, 3, 1, 25, 8, 1, 8, 4, 4, 1, 1, 2.027520 
64, 200, 200, 32, 3, 1, 25, 8, 1, 8, 4, 5, 1, 1, 1.964032 
64, 200, 200, 32, 3, 1, 25, 8, 1, 8, 4, 8, 1, 1, 2.101248 
64, 200, 200, 32, 3, 1, 50, 2, 1, 2, 16, 1, 2, 1, 0.291840 
64, 200, 200, 32, 3, 1, 50, 2, 1, 2, 16, 2, 2, 1, 0.291840 
64, 200, 200, 32, 3, 1, 50, 2, 1, 4, 8, 1, 1, 1, 0.296960 
64, 200, 200, 32, 3, 1, 50, 2, 1, 4, 8, 2, 1, 1, 0.288800 
64, 200, 200, 32, 3, 1, 50, 2, 1, 4, 8, 4, 1, 1, 0.289792 
64, 200, 200, 32, 3, 1, 50, 2, 1, 4, 8, 5, 1, 1, 0.223232 
64, 200, 200, 32, 3, 1, 50, 2, 1, 4, 8, 1, 1, 2, 0.295936 
64, 200, 200, 32, 3, 1, 50, 2, 1, 4, 8, 2, 1, 2, 0.295936 
16, 960, 960, 32, 3, 1, 1, 2, 1, 32, 1, 1, 30, 1, 3.963904 
16, 960, 960, 32, 3, 1, 1, 4, 1, 32, 1, 1, 30, 1, 0.002048 
16, 960, 960, 32, 3, 1, 1, 8, 1, 32, 1, 1, 30, 1, 0.002048 
16, 960, 960, 32, 3, 1, 2, 2, 1, 16, 2, 1, 30, 1, 2.071552 
16, 960, 960, 32, 3, 1, 2, 2, 1, 32, 1, 1, 15, 1, 2.228224 
16, 960, 960, 32, 3, 1, 2, 2, 1, 32, 1, 2, 15, 1, 2.520064 
16, 960, 960, 32, 3, 1, 2, 2, 1, 32, 1, 1, 15, 2, 2.069504 
16, 960, 960, 32, 3, 1, 2, 4, 1, 16, 2, 1, 30, 1, 0.002048 
16, 960, 960, 32, 3, 1, 2, 4, 1, 32, 1, 1, 15, 1, 2.253824 
16, 960, 960, 32, 3, 1, 2, 4, 1, 32, 1, 2, 15, 1, 0.002048 
16, 960, 960, 32, 3, 1, 2, 4, 1, 32, 1, 1, 15, 2, 0.003072 
16, 960, 960, 32, 3, 1, 2, 8, 1, 32, 1, 1, 15, 1, 1.576960 
16, 960, 960, 32, 3, 1, 2, 8, 1, 32, 1, 2, 15, 1, 0.002048 
16, 960, 960, 32, 3, 1, 3, 2, 1, 16, 2, 1, 20, 1, 2.158592 
16, 960, 960, 32, 3, 1, 3, 2, 1, 32, 1, 1, 10, 1, 1.888256 
16, 960, 960, 32, 3, 1, 3, 2, 1, 32, 1, 2, 10, 1, 2.363392 
16, 960, 960, 32, 3, 1, 3, 2, 1, 32, 1, 1, 10, 2, 2.153472 
16, 960, 960, 32, 3, 1, 3, 4, 1, 16, 2, 1, 20, 1, 1.491936 
16, 960, 960, 32, 3, 1, 3, 4, 1, 32, 1, 1, 10, 1, 1.226752 
16, 960, 960, 32, 3, 1, 3, 4, 1, 32, 1, 2, 10, 1, 1.582048 
16, 960, 960, 32, 3, 1, 3, 4, 1, 32, 1, 1, 10, 2, 1.495040 
16, 960, 960, 32, 3, 1, 3, 8, 1, 32, 1, 1, 10, 1, 1.040416 
16, 960, 960, 32, 3, 1, 3, 8, 1, 32, 1, 2, 10, 1, 1.134560 
16, 960, 960, 32, 3, 1, 4, 2, 1, 8, 4, 1, 30, 1, 1.558496 
16, 960, 960, 32, 3, 1, 4, 2, 1, 16, 2, 1, 15, 1, 1.452032 
16, 960, 960, 32, 3, 1, 4, 2, 1, 16, 2, 2, 15, 1, 1.612832 
16, 960, 960, 32, 3, 1, 4, 2, 1, 16, 2, 1, 15, 2, 1.561632 
16, 960, 960, 32, 3, 1, 4, 4, 1, 16, 2, 1, 15, 1, 1.556480 
16, 960, 960, 32, 3, 1, 4, 4, 1, 16, 2, 2, 15, 1, 0.002048 
16, 960, 960, 32, 3, 1, 5, 2, 1, 8, 4, 1, 24, 1, 1.492992 
16, 960, 960, 32, 3, 1, 5, 2, 1, 16, 2, 1, 12, 1, 1.462272 
16, 960, 960, 32, 3, 1, 5, 2, 1, 16, 2, 2, 12, 1, 1.562592 
16, 960, 960, 32, 3, 1, 5, 2, 1, 16, 2, 1, 12, 2, 1.492992 
16, 960, 960, 32, 3, 1, 5, 2, 1, 32, 1, 1, 6, 1, 2.231296 
16, 960, 960, 32, 3, 1, 5, 2, 1, 32, 1, 2, 6, 1, 1.576960 
16, 960, 960, 32, 3, 1, 5, 2, 1, 32, 1, 1, 6, 2, 1.466368 
16, 960, 960, 32, 3, 1, 5, 2, 1, 32, 1, 2, 6, 2, 1.557472 
16, 960, 960, 32, 3, 1, 5, 2, 1, 32, 1, 1, 6, 4, 1.492992 
16, 960, 960, 32, 3, 1, 5, 4, 1, 16, 2, 1, 12, 1, 1.027072 
16, 960, 960, 32, 3, 1, 5, 4, 1, 16, 2, 2, 12, 1, 1.108992 
16, 960, 960, 32, 3, 1, 5, 4, 1, 32, 1, 1, 6, 1, 1.349632 
16, 960, 960, 32, 3, 1, 5, 4, 1, 32, 1, 2, 6, 1, 1.059840 
16, 960, 960, 32, 3, 1, 5, 4, 1, 32, 1, 1, 6, 2, 1.025024 
16, 960, 960, 32, 3, 1, 5, 4, 1, 32, 1, 2, 6, 2, 1.116160 
16, 960, 960, 32, 3, 1, 5, 8, 1, 32, 1, 1, 6, 1, 1.033216 
16, 960, 960, 32, 3, 1, 5, 8, 1, 32, 1, 2, 6, 1, 1.268768 
16, 960, 960, 32, 3, 1, 6, 2, 1, 8, 4, 1, 20, 1, 1.471456 
16, 960, 960, 32, 3, 1, 6, 2, 1, 16, 2, 1, 10, 1, 1.195008 
16, 960, 960, 32, 3, 1, 6, 2, 1, 16, 2, 2, 10, 1, 1.519616 
16, 960, 960, 32, 3, 1, 6, 2, 1, 16, 2, 1, 10, 2, 1.470464 
16, 960, 960, 32, 3, 1, 6, 2, 1, 32, 1, 1, 5, 1, 2.221056 
16, 960, 960, 32, 3, 1, 6, 2, 1, 32, 1, 2, 5, 1, 1.672192 
16, 960, 960, 32, 3, 1, 6, 2, 1, 32, 1, 1, 5, 2, 1.205248 
16, 960, 960, 32, 3, 1, 6, 2, 1, 32, 1, 2, 5, 2, 1.516512 
16, 960, 960, 32, 3, 1, 6, 2, 1, 32, 1, 1, 5, 4, 1.474496 
16, 960, 960, 32, 3, 1, 6, 4, 1, 16, 2, 1, 10, 1, 1.032224 
16, 960, 960, 32, 3, 1, 6, 4, 1, 16, 2, 2, 10, 1, 1.117184 
16, 960, 960, 32, 3, 1, 6, 4, 1, 32, 1, 1, 5, 1, 1.403872 
16, 960, 960, 32, 3, 1, 6, 4, 1, 32, 1, 2, 5, 1, 1.078272 
16, 960, 960, 32, 3, 1, 6, 4, 1, 32, 1, 1, 5, 2, 1.029152 
16, 960, 960, 32, 3, 1, 6, 4, 1, 32, 1, 2, 5, 2, 1.117184 
16, 960, 960, 32, 3, 1, 6, 8, 1, 32, 1, 1, 5, 1, 1.113088 
16, 960, 960, 32, 3, 1, 6, 8, 1, 32, 1, 2, 5, 1, 1.440768 
16, 960, 960, 32, 3, 1, 8, 2, 1, 8, 4, 1, 15, 1, 1.586176 
16, 960, 960, 32, 3, 1, 10, 2, 1, 8, 4, 1, 12, 1, 1.020928 
16, 960, 960, 32, 3, 1, 10, 2, 1, 16, 2, 1, 6, 1, 1.345536 
16, 960, 960, 32, 3, 1, 10, 2, 1, 16, 2, 2, 6, 1, 1.049600 
16, 960, 960, 32, 3, 1, 10, 2, 1, 16, 2, 1, 6, 2, 1.021952 
16, 960, 960, 32, 3, 1, 10, 2, 1, 32, 1, 1, 3, 1, 2.499584 
16, 960, 960, 32, 3, 1, 10, 2, 1, 32, 1, 2, 3, 1, 1.967104 
16, 960, 960, 32, 3, 1, 10, 2, 1, 32, 1, 1, 3, 2, 1.346592 
16, 960, 960, 32, 3, 1, 10, 2, 1, 32, 1, 2, 3, 2, 1.042432 
16, 960, 960, 32, 3, 1, 10, 2, 1, 32, 1, 1, 3, 4, 1.025056 
16, 960, 960, 32, 3, 1, 10, 4, 1, 16, 2, 1, 6, 1, 1.036288 
16, 960, 960, 32, 3, 1, 10, 4, 1, 16, 2, 2, 6, 1, 1.264640 
16, 960, 960, 32, 3, 1, 10, 4, 1, 32, 1, 1, 3, 1, 1.616928 
16, 960, 960, 32, 3, 1, 10, 4, 1, 32, 1, 2, 3, 1, 1.195040 
16, 960, 960, 32, 3, 1, 10, 4, 1, 32, 1, 1, 3, 2, 1.019936 
16, 960, 960, 32, 3, 1, 10, 4, 1, 32, 1, 2, 3, 2, 1.264640 
16, 960, 960, 32, 3, 1, 10, 8, 1, 32, 1, 1, 3, 1, 1.269760 
16, 960, 960, 32, 3, 1, 10, 8, 1, 32, 1, 2, 3, 1, 1.072128 
16, 960, 960, 32, 3, 1, 12, 2, 1, 8, 4, 1, 10, 1, 1.056800 
16, 960, 960, 32, 3, 1, 12, 2, 1, 16, 2, 1, 5, 1, 1.411072 
16, 960, 960, 32, 3, 1, 12, 2, 1, 16, 2, 2, 5, 1, 1.093664 
16, 960, 960, 32, 3, 1, 12, 2, 1, 16, 2, 1, 5, 2, 1.054720 
16, 960, 960, 32, 3, 1, 12, 4, 1, 16, 2, 1, 5, 1, 1.132544 
16, 960, 960, 32, 3, 1, 12, 4, 1, 16, 2, 2, 5, 1, 1.442784 
16, 960, 960, 32, 3, 1, 15, 2, 1, 8, 4, 1, 8, 1, 1.075200 
16, 960, 960, 32, 3, 1, 15, 2, 1, 16, 2, 1, 4, 1, 1.462272 
16, 960, 960, 32, 3, 1, 15, 2, 1, 16, 2, 2, 4, 1, 1.129472 
16, 960, 960, 32, 3, 1, 15, 2, 1, 16, 2, 1, 4, 2, 1.076224 
16, 960, 960, 32, 3, 1, 15, 2, 1, 32, 1, 1, 2, 1, 2.324480 
16, 960, 960, 32, 3, 1, 15, 2, 1, 32, 1, 2, 2, 1, 2.375648 
16, 960, 960, 32, 3, 1, 15, 2, 1, 32, 1, 1, 2, 2, 1.471520 
16, 960, 960, 32, 3, 1, 15, 2, 1, 32, 1, 2, 2, 2, 1.132544 
16, 960, 960, 32, 3, 1, 15, 2, 1, 32, 1, 1, 2, 4, 1.078272 
16, 960, 960, 32, 3, 1, 15, 4, 1, 16, 2, 1, 4, 1, 0.997408 
16, 960, 960, 32, 3, 1, 15, 4, 1, 16, 2, 2, 4, 1, 0.900096 
16, 960, 960, 32, 3, 1, 15, 4, 1, 32, 1, 1, 2, 1, 1.698848 
16, 960, 960, 32, 3, 1, 15, 4, 1, 32, 1, 2, 2, 1, 1.293312 
16, 960, 960, 32, 3, 1, 15, 4, 1, 32, 1, 1, 2, 2, 1.006592 
16, 960, 960, 32, 3, 1, 15, 4, 1, 32, 1, 2, 2, 2, 0.903168 
16, 960, 960, 32, 3, 1, 15, 8, 1, 32, 1, 1, 2, 1, 4.627488 
16, 960, 960, 32, 3, 1, 15, 8, 1, 32, 1, 2, 2, 1, 5.000192 
16, 960, 960, 32, 3, 1, 20, 2, 1, 8, 4, 1, 6, 1, 1.153024 
16, 960, 960, 32, 3, 1, 20, 2, 1, 16, 2, 1, 3, 1, 1.619968 
16, 960, 960, 32, 3, 1, 20, 2, 1, 16, 2, 2, 3, 1, 1.202176 
16, 960, 960, 32, 3, 1, 20, 2, 1, 16, 2, 1, 3, 2, 1.153024 
16, 960, 960, 32, 3, 1, 20, 4, 1, 16, 2, 1, 3, 1, 1.281024 
16, 960, 960, 32, 3, 1, 20, 4, 1, 16, 2, 2, 3, 1, 1.085440 
16, 960, 960, 32, 3, 1, 24, 2, 1, 8, 4, 1, 5, 1, 1.334304 
16, 960, 960, 32, 3, 1, 30, 2, 1, 8, 4, 1, 4, 1, 1.337344 
16, 960, 960, 32, 3, 1, 30, 2, 1, 16, 2, 1, 2, 1, 1.780736 
16, 960, 960, 32, 3, 1, 30, 2, 1, 16, 2, 2, 2, 1, 1.424384 
16, 960, 960, 32, 3, 1, 30, 2, 1, 16, 2, 1, 2, 2, 1.335296 
16, 960, 960, 32, 3, 1, 30, 2, 1, 32, 1, 1, 1, 1, 16.756737 
16, 960, 960, 32, 3, 1, 30, 2, 1, 32, 1, 2, 1, 1, 2.720768 
16, 960, 960, 32, 3, 1, 30, 2, 1, 32, 1, 1, 1, 2, 1.792032 
16, 960, 960, 32, 3, 1, 30, 2, 1, 32, 1, 2, 1, 2, 1.430528 
16, 960, 960, 32, 3, 1, 30, 2, 1, 32, 1, 1, 1, 4, 1.339392 
16, 960, 960, 32, 3, 1, 30, 4, 1, 16, 2, 1, 2, 1, 2.038784 
16, 960, 960, 32, 3, 1, 30, 4, 1, 16, 2, 2, 2, 1, 1.446880 
16, 960, 960, 32, 3, 1, 30, 4, 1, 32, 1, 1, 1, 1, 7.316480 
16, 960, 960, 32, 3, 1, 30, 4, 1, 32, 1, 2, 1, 1, 2.661376 
16, 960, 960, 32, 3, 1, 30, 4, 1, 32, 1, 1, 1, 2, 1.972224 
16, 960, 960, 32, 3, 1, 30, 4, 1, 32, 1, 2, 1, 2, 1.438720 
16, 960, 960, 32, 3, 1, 40, 2, 1, 8, 4, 1, 3, 1, 1.665056 
16, 960, 960, 32, 3, 1, 60, 2, 1, 8, 4, 1, 2, 1, 1.969152 
16, 960, 960, 32, 3, 1, 60, 2, 1, 16, 2, 1, 1, 1, 9.469952 
16, 960, 960, 32, 3, 1, 60, 2, 1, 16, 2, 2, 1, 1, 2.045952 
16, 960, 960, 32, 3, 1, 60, 2, 1, 16, 2, 1, 1, 2, 1.969152 
16, 576, 576, 16, 3, 1, 1, 2, 1, 32, 1, 1, 18, 1, 0.599040 
16, 576, 576, 16, 3, 1, 1, 4, 1, 32, 1, 1, 18, 1, 0.575488 
16, 576, 576, 16, 3, 1, 1, 8, 1, 32, 1, 1, 18, 1, 0.387072 
16, 576, 576, 16, 3, 1, 2, 2, 1, 16, 2, 1, 18, 1, 0.548832 
16, 576, 576, 16, 3, 1, 2, 2, 1, 32, 1, 1, 9, 1, 0.466944 
16, 576, 576, 16, 3, 1, 2, 2, 1, 32, 1, 2, 9, 1, 0.610304 
16, 576, 576, 16, 3, 1, 2, 2, 1, 32, 1, 3, 9, 1, 0.492544 
16, 576, 576, 16, 3, 1, 2, 2, 1, 32, 1, 1, 9, 2, 0.549920 
16, 576, 576, 16, 3, 1, 2, 4, 1, 16, 2, 1, 18, 1, 0.353280 
16, 576, 576, 16, 3, 1, 2, 4, 1, 32, 1, 1, 9, 1, 0.293888 
16, 576, 576, 16, 3, 1, 2, 4, 1, 32, 1, 2, 9, 1, 0.385024 
16, 576, 576, 16, 3, 1, 2, 4, 1, 32, 1, 3, 9, 1, 0.318432 
16, 576, 576, 16, 3, 1, 2, 4, 1, 32, 1, 1, 9, 2, 0.352256 
16, 576, 576, 16, 3, 1, 2, 8, 1, 32, 1, 1, 9, 1, 0.264192 
16, 576, 576, 16, 3, 1, 2, 8, 1, 32, 1, 2, 9, 1, 0.290816 
16, 576, 576, 16, 3, 1, 2, 8, 1, 32, 1, 3, 9, 1, 0.239616 
16, 576, 576, 16, 3, 1, 3, 2, 1, 8, 4, 1, 24, 1, 0.382976 
16, 576, 576, 16, 3, 1, 3, 2, 1, 16, 2, 1, 12, 1, 0.359392 
16, 576, 576, 16, 3, 1, 3, 2, 1, 16, 2, 2, 12, 1, 0.368640 
16, 576, 576, 16, 3, 1, 3, 2, 1, 16, 2, 1, 12, 2, 0.381984 
16, 576, 576, 16, 3, 1, 3, 2, 1, 32, 1, 1, 6, 1, 0.379904 
16, 576, 576, 16, 3, 1, 3, 2, 1, 32, 1, 2, 6, 1, 0.381952 
16, 576, 576, 16, 3, 1, 3, 2, 1, 32, 1, 3, 6, 1, 0.474112 
16, 576, 576, 16, 3, 1, 3, 2, 1, 32, 1, 4, 6, 1, 0.400416 
16, 576, 576, 16, 3, 1, 3, 2, 1, 32, 1, 1, 6, 2, 0.362496 
16, 576, 576, 16, 3, 1, 3, 2, 1, 32, 1, 2, 6, 2, 0.365568 
16, 576, 576, 16, 3, 1, 3, 2, 1, 32, 1, 1, 6, 4, 0.382976 
16, 576, 576, 16, 3, 1, 3, 4, 1, 16, 2, 1, 12, 1, 0.236544 
16, 576, 576, 16, 3, 1, 3, 4, 1, 16, 2, 2, 12, 1, 0.276480 
16, 576, 576, 16, 3, 1, 3, 4, 1, 32, 1, 1, 6, 1, 0.249856 
16, 576, 576, 16, 3, 1, 3, 4, 1, 32, 1, 2, 6, 1, 0.248864 
16, 576, 576, 16, 3, 1, 3, 4, 1, 32, 1, 3, 6, 1, 0.311296 
16, 576, 576, 16, 3, 1, 3, 4, 1, 32, 1, 4, 6, 1, 0.291840 
16, 576, 576, 16, 3, 1, 3, 4, 1, 32, 1, 1, 6, 2, 0.237536 
16, 576, 576, 16, 3, 1, 3, 4, 1, 32, 1, 2, 6, 2, 0.275456 
16, 576, 576, 16, 3, 1, 3, 8, 1, 32, 1, 1, 6, 1, 0.202784 
16, 576, 576, 16, 3, 1, 3, 8, 1, 32, 1, 2, 6, 1, 0.209952 
16, 576, 576, 16, 3, 1, 3, 8, 1, 32, 1, 3, 6, 1, 0.242688 
16, 576, 576, 16, 3, 1, 3, 8, 1, 32, 1, 4, 6, 1, 0.228352 
16, 576, 576, 16, 3, 1, 4, 2, 1, 8, 4, 1, 18, 1, 0.358432 
16, 576, 576, 16, 3, 1, 4, 2, 1, 16, 2, 1, 9, 1, 0.291840 
16, 576, 576, 16, 3, 1, 4, 2, 1, 16, 2, 2, 9, 1, 0.375840 
16, 576, 576, 16, 3, 1, 4, 2, 1, 16, 2, 3, 9, 1, 0.318432 
16, 576, 576, 16, 3, 1, 4, 2, 1, 16, 2, 1, 9, 2, 0.358368 
16, 576, 576, 16, 3, 1, 4, 4, 1, 16, 2, 1, 9, 1, 0.217088 
16, 576, 576, 16, 3, 1, 4, 4, 1, 16, 2, 2, 9, 1, 0.285664 
16, 576, 576, 16, 3, 1, 4, 4, 1, 16, 2, 3, 9, 1, 0.234496 
16, 576, 576, 16, 3, 1, 6, 2, 1, 8, 4, 1, 12, 1, 0.239648 
16, 576, 576, 16, 3, 1, 6, 2, 1, 8, 4, 2, 12, 1, 0.277504 
16, 576, 576, 16, 3, 1, 6, 2, 1, 16, 2, 1, 6, 1, 0.240640 
16, 576, 576, 16, 3, 1, 6, 2, 1, 16, 2, 2, 6, 1, 0.251904 
16, 576, 576, 16, 3, 1, 6, 2, 1, 16, 2, 3, 6, 1, 0.309248 
16, 576, 576, 16, 3, 1, 6, 2, 1, 16, 2, 4, 6, 1, 0.289760 
16, 576, 576, 16, 3, 1, 6, 2, 1, 16, 2, 1, 6, 2, 0.240608 
16, 576, 576, 16, 3, 1, 6, 2, 1, 16, 2, 2, 6, 2, 0.275488 
16, 576, 576, 16, 3, 1, 6, 2, 1, 32, 1, 1, 3, 1, 0.414752 
16, 576, 576, 16, 3, 1, 6, 2, 1, 32, 1, 2, 3, 1, 0.286688 
16, 576, 576, 16, 3, 1, 6, 2, 1, 32, 1, 3, 3, 1, 0.268320 
16, 576, 576, 16, 3, 1, 6, 2, 1, 32, 1, 4, 3, 1, 0.270368 
16, 576, 576, 16, 3, 1, 6, 2, 1, 32, 1, 1, 3, 2, 0.244768 
16, 576, 576, 16, 3, 1, 6, 2, 1, 32, 1, 2, 3, 2, 0.242688 
16, 576, 576, 16, 3, 1, 6, 2, 1, 32, 1, 3, 3, 2, 0.309248 
16, 576, 576, 16, 3, 1, 6, 2, 1, 32, 1, 4, 3, 2, 0.287744 
16, 576, 576, 16, 3, 1, 6, 2, 1, 32, 1, 1, 3, 4, 0.241664 
16, 576, 576, 16, 3, 1, 6, 2, 1, 32, 1, 2, 3, 4, 0.277504 
16, 576, 576, 16, 3, 1, 6, 4, 1, 16, 2, 1, 6, 1, 0.199680 
16, 576, 576, 16, 3, 1, 6, 4, 1, 16, 2, 2, 6, 1, 0.213024 
16, 576, 576, 16, 3, 1, 6, 4, 1, 16, 2, 3, 6, 1, 0.237536 
16, 576, 576, 16, 3, 1, 6, 4, 1, 16, 2, 4, 6, 1, 0.225312 
16, 576, 576, 16, 3, 1, 6, 4, 1, 32, 1, 1, 3, 1, 0.285696 
16, 576, 576, 16, 3, 1, 6, 4, 1, 32, 1, 2, 3, 1, 0.207904 
16, 576, 576, 16, 3, 1, 6, 4, 1, 32, 1, 3, 3, 1, 0.237568 
16, 576, 576, 16, 3, 1, 6, 4, 1, 32, 1, 4, 3, 1, 0.219168 
16, 576, 576, 16, 3, 1, 6, 4, 1, 32, 1, 1, 3, 2, 0.217120 
16, 576, 576, 16, 3, 1, 6, 4, 1, 32, 1, 2, 3, 2, 0.202752 
16, 576, 576, 16, 3, 1, 6, 4, 1, 32, 1, 3, 3, 2, 0.237568 
16, 576, 576, 16, 3, 1, 6, 4, 1, 32, 1, 4, 3, 2, 0.225248 
16, 576, 576, 16, 3, 1, 6, 8, 1, 32, 1, 1, 3, 1, 0.222240 
16, 576, 576, 16, 3, 1, 6, 8, 1, 32, 1, 2, 3, 1, 0.230400 
16, 576, 576, 16, 3, 1, 6, 8, 1, 32, 1, 3, 3, 1, 0.294912 
16, 576, 576, 16, 3, 1, 6, 8, 1, 32, 1, 4, 3, 1, 0.246784 
16, 576, 576, 16, 3, 1, 8, 2, 1, 8, 4, 1, 9, 1, 0.226336 
16, 576, 576, 16, 3, 1, 8, 2, 1, 8, 4, 2, 9, 1, 0.295904 
16, 576, 576, 16, 3, 1, 9, 2, 1, 8, 4, 1, 8, 1, 0.217088 
16, 576, 576, 16, 3, 1, 9, 2, 1, 8, 4, 2, 8, 1, 0.283648 
16, 576, 576, 16, 3, 1, 9, 2, 1, 16, 2, 1, 4, 1, 0.262112 
16, 576, 576, 16, 3, 1, 9, 2, 1, 16, 2, 2, 4, 1, 0.219136 
16, 576, 576, 16, 3, 1, 9, 2, 1, 16, 2, 3, 4, 1, 0.222240 
16, 576, 576, 16, 3, 1, 9, 2, 1, 16, 2, 4, 4, 1, 0.295936 
16, 576, 576, 16, 3, 1, 9, 2, 1, 16, 2, 1, 4, 2, 0.221184 
16, 576, 576, 16, 3, 1, 9, 2, 1, 16, 2, 2, 4, 2, 0.281600 
16, 576, 576, 16, 3, 1, 9, 2, 1, 32, 1, 1, 2, 1, 0.372736 
16, 576, 576, 16, 3, 1, 9, 2, 1, 32, 1, 2, 2, 1, 0.333824 
16, 576, 576, 16, 3, 1, 9, 2, 1, 32, 1, 3, 2, 1, 0.290816 
16, 576, 576, 16, 3, 1, 9, 2, 1, 32, 1, 4, 2, 1, 0.296960 
16, 576, 576, 16, 3, 1, 9, 2, 1, 32, 1, 1, 2, 2, 0.260096 
16, 576, 576, 16, 3, 1, 9, 2, 1, 32, 1, 2, 2, 2, 0.227360 
16, 576, 576, 16, 3, 1, 9, 2, 1, 32, 1, 3, 2, 2, 0.221184 
16, 576, 576, 16, 3, 1, 9, 2, 1, 32, 1, 4, 2, 2, 0.292864 
16, 576, 576, 16, 3, 1, 9, 2, 1, 32, 1, 1, 2, 4, 0.221184 
16, 576, 576, 16, 3, 1, 9, 2, 1, 32, 1, 2, 2, 4, 0.284640 
16, 576, 576, 16, 3, 1, 9, 4, 1, 16, 2, 1, 4, 1, 0.192512 
16, 576, 576, 16, 3, 1, 9, 4, 1, 16, 2, 2, 4, 1, 0.207904 
16, 576, 576, 16, 3, 1, 9, 4, 1, 16, 2, 3, 4, 1, 0.251904 
16, 576, 576, 16, 3, 1, 9, 4, 1, 16, 2, 4, 4, 1, 0.226304 
16, 576, 576, 16, 3, 1, 9, 4, 1, 32, 1, 1, 2, 1, 0.277504 
16, 576, 576, 16, 3, 1, 9, 4, 1, 32, 1, 2, 2, 1, 0.223232 
16, 576, 576, 16, 3, 1, 9, 4, 1, 32, 1, 3, 2, 1, 0.216064 
16, 576, 576, 16, 3, 1, 9, 4, 1, 32, 1, 4, 2, 1, 0.226304 
16, 576, 576, 16, 3, 1, 9, 4, 1, 32, 1, 1, 2, 2, 0.193536 
16, 576, 576, 16, 3, 1, 9, 4, 1, 32, 1, 2, 2, 2, 0.213024 
16, 576, 576, 16, 3, 1, 9, 4, 1, 32, 1, 3, 2, 2, 0.249824 
16, 576, 576, 16, 3, 1, 9, 4, 1, 32, 1, 4, 2, 2, 0.227296 
16, 576, 576, 16, 3, 1, 9, 8, 1, 32, 1, 1, 2, 1, 0.239584 
16, 576, 576, 16, 3, 1, 9, 8, 1, 32, 1, 2, 2, 1, 0.193536 
16, 576, 576, 16, 3, 1, 9, 8, 1, 32, 1, 3, 2, 1, 0.219168 
16, 576, 576, 16, 3, 1, 9, 8, 1, 32, 1, 4, 2, 1, 0.190496 
16, 576, 576, 16, 3, 1, 12, 2, 1, 8, 4, 1, 6, 1, 0.202784 
16, 576, 576, 16, 3, 1, 12, 2, 1, 8, 4, 2, 6, 1, 0.211968 
16, 576, 576, 16, 3, 1, 12, 2, 1, 16, 2, 1, 3, 1, 0.289792 
16, 576, 576, 16, 3, 1, 12, 2, 1, 16, 2, 2, 3, 1, 0.232448 
16, 576, 576, 16, 3, 1, 12, 2, 1, 16, 2, 3, 3, 1, 0.237536 
16, 576, 576, 16, 3, 1, 12, 2, 1, 16, 2, 4, 3, 1, 0.218112 
16, 576, 576, 16, 3, 1, 12, 2, 1, 16, 2, 1, 3, 2, 0.217120 
16, 576, 576, 16, 3, 1, 12, 2, 1, 16, 2, 2, 3, 2, 0.216064 
16, 576, 576, 16, 3, 1, 12, 4, 1, 16, 2, 1, 3, 1, 0.218144 
16, 576, 576, 16, 3, 1, 12, 4, 1, 16, 2, 2, 3, 1, 0.230400 
16, 576, 576, 16, 3, 1, 12, 4, 1, 16, 2, 3, 3, 1, 0.297952 
16, 576, 576, 16, 3, 1, 12, 4, 1, 16, 2, 4, 3, 1, 0.247808 
16, 576, 576, 16, 3, 1, 18, 2, 1, 8, 4, 1, 4, 1, 0.210944 
16, 576, 576, 16, 3, 1, 18, 2, 1, 8, 4, 2, 4, 1, 0.220192 
16, 576, 576, 16, 3, 1, 18, 2, 1, 16, 2, 1, 2, 1, 0.275456 
16, 576, 576, 16, 3, 1, 18, 2, 1, 16, 2, 2, 2, 1, 0.252960 
16, 576, 576, 16, 3, 1, 18, 2, 1, 16, 2, 3, 2, 1, 0.246784 
16, 576, 576, 16, 3, 1, 18, 2, 1, 16, 2, 4, 2, 1, 0.231424 
16, 576, 576, 16, 3, 1, 18, 2, 1, 16, 2, 1, 2, 2, 0.223232 
16, 576, 576, 16, 3, 1, 18, 2, 1, 16, 2, 2, 2, 2, 0.221184 
16, 576, 576, 16, 3, 1, 18, 2, 1, 32, 1, 1, 1, 1, 0.445472 
16, 576, 576, 16, 3, 1, 18, 2, 1, 32, 1, 2, 1, 1, 0.361472 
16, 576, 576, 16, 3, 1, 18, 2, 1, 32, 1, 3, 1, 1, 0.346112 
16, 576, 576, 16, 3, 1, 18, 2, 1, 32, 1, 4, 1, 1, 0.377824 
16, 576, 576, 16, 3, 1, 18, 2, 1, 32, 1, 1, 1, 2, 0.277504 
16, 576, 576, 16, 3, 1, 18, 2, 1, 32, 1, 2, 1, 2, 0.248832 
16, 576, 576, 16, 3, 1, 18, 2, 1, 32, 1, 3, 1, 2, 0.242688 
16, 576, 576, 16, 3, 1, 18, 2, 1, 32, 1, 4, 1, 2, 0.230400 
16, 576, 576, 16, 3, 1, 18, 2, 1, 32, 1, 1, 1, 4, 0.208896 
16, 576, 576, 16, 3, 1, 18, 2, 1, 32, 1, 2, 1, 4, 0.213984 
16, 576, 576, 16, 3, 1, 18, 4, 1, 16, 2, 1, 2, 1, 0.243712 
16, 576, 576, 16, 3, 1, 18, 4, 1, 16, 2, 2, 2, 1, 0.230368 
16, 576, 576, 16, 3, 1, 18, 4, 1, 16, 2, 3, 2, 1, 0.238592 
16, 576, 576, 16, 3, 1, 18, 4, 1, 16, 2, 4, 2, 1, 0.209920 
16, 576, 576, 16, 3, 1, 18, 4, 1, 32, 1, 1, 1, 1, 0.411648 
16, 576, 576, 16, 3, 1, 18, 4, 1, 32, 1, 2, 1, 1, 0.276480 
16, 576, 576, 16, 3, 1, 18, 4, 1, 32, 1, 3, 1, 1, 0.287712 
16, 576, 576, 16, 3, 1, 18, 4, 1, 32, 1, 4, 1, 1, 0.280576 
16, 576, 576, 16, 3, 1, 18, 4, 1, 32, 1, 1, 1, 2, 0.242688 
16, 576, 576, 16, 3, 1, 18, 4, 1, 32, 1, 2, 1, 2, 0.226304 
16, 576, 576, 16, 3, 1, 18, 4, 1, 32, 1, 3, 1, 2, 0.253984 
16, 576, 576, 16, 3, 1, 18, 4, 1, 32, 1, 4, 1, 2, 0.204800 
16, 576, 576, 16, 3, 1, 18, 8, 1, 32, 1, 1, 1, 1, 0.755712 
16, 576, 576, 16, 3, 1, 18, 8, 1, 32, 1, 2, 1, 1, 0.724000 
16, 576, 576, 16, 3, 1, 18, 8, 1, 32, 1, 3, 1, 1, 0.781312 
16, 576, 576, 16, 3, 1, 18, 8, 1, 32, 1, 4, 1, 1, 0.701440 
16, 576, 576, 16, 3, 1, 24, 2, 1, 8, 4, 1, 3, 1, 0.258048 
16, 576, 576, 16, 3, 1, 24, 2, 1, 8, 4, 2, 3, 1, 0.225280 
16, 576, 576, 16, 3, 1, 36, 2, 1, 8, 4, 1, 2, 1, 0.269312 
16, 576, 576, 16, 3, 1, 36, 2, 1, 8, 4, 2, 2, 1, 0.300032 
16, 576, 576, 16, 3, 1, 36, 2, 1, 16, 2, 1, 1, 1, 0.445440 
16, 576, 576, 16, 3, 1, 36, 2, 1, 16, 2, 2, 1, 1, 0.346144 
16, 576, 576, 16, 3, 1, 36, 2, 1, 16, 2, 3, 1, 1, 0.362528 
16, 576, 576, 16, 3, 1, 36, 2, 1, 16, 2, 4, 1, 1, 0.302080 
16, 576, 576, 16, 3, 1, 36, 2, 1, 16, 2, 1, 1, 2, 0.285696 
16, 576, 576, 16, 3, 1, 36, 2, 1, 16, 2, 2, 1, 2, 0.294880 
16, 576, 576, 16, 3, 1, 36, 4, 1, 16, 2, 1, 1, 1, 0.435200 
16, 576, 576, 16, 3, 1, 36, 4, 1, 16, 2, 2, 1, 1, 0.402432 
16, 576, 576, 16, 3, 1, 36, 4, 1, 16, 2, 3, 1, 1, 0.405504 
16, 576, 576, 16, 3, 1, 36, 4, 1, 16, 2, 4, 1, 1, 0.320544 
16, 576, 576, 16, 3, 1, 72, 2, 1, 8, 4, 1, 1, 1, 0.713760 
16, 576, 576, 16, 3, 1, 72, 2, 1, 8, 4, 2, 1, 1, 0.603136 
256, 704, 704, 128, 3, 1, 1, 2, 1, 32, 1, 1, 22, 1, 145.714203 
256, 704, 704, 128, 3, 1, 1, 4, 1, 32, 1, 1, 22, 1, 84.679680 
256, 704, 704, 128, 3, 1, 1, 8, 1, 32, 1, 1, 22, 1, 0.003072 
256, 704, 704, 128, 3, 1, 1, 16, 1, 32, 1, 1, 22, 1, 0.003072 
256, 704, 704, 128, 3, 1, 1, 32, 1, 32, 1, 1, 22, 1, 0.003072 
256, 704, 704, 128, 3, 1, 1, 64, 1, 32, 1, 1, 22, 1, 0.003072 
256, 704, 704, 128, 3, 1, 2, 2, 1, 16, 2, 1, 22, 1, 78.768127 
256, 704, 704, 128, 3, 1, 2, 2, 1, 32, 1, 1, 11, 1, 78.672897 
256, 704, 704, 128, 3, 1, 2, 2, 1, 32, 1, 2, 11, 1, 93.931519 
256, 704, 704, 128, 3, 1, 2, 2, 1, 32, 1, 1, 11, 2, 78.930946 
256, 704, 704, 128, 3, 1, 2, 4, 1, 16, 2, 1, 22, 1, 52.974590 
256, 704, 704, 128, 3, 1, 2, 4, 1, 32, 1, 1, 11, 1, 51.779583 
256, 704, 704, 128, 3, 1, 2, 4, 1, 32, 1, 2, 11, 1, 58.175488 
256, 704, 704, 128, 3, 1, 2, 4, 1, 32, 1, 1, 11, 2, 53.015553 
256, 704, 704, 128, 3, 1, 2, 8, 1, 16, 2, 1, 22, 1, 40.240128 
256, 704, 704, 128, 3, 1, 2, 8, 1, 32, 1, 1, 11, 1, 36.182049 
256, 704, 704, 128, 3, 1, 2, 8, 1, 32, 1, 2, 11, 1, 43.132927 
256, 704, 704, 128, 3, 1, 2, 8, 1, 32, 1, 1, 11, 2, 40.247265 
256, 704, 704, 128, 3, 1, 2, 16, 1, 16, 2, 1, 22, 1, 0.002048 
256, 704, 704, 128, 3, 1, 2, 16, 1, 32, 1, 1, 11, 1, 46.333954 
256, 704, 704, 128, 3, 1, 2, 16, 1, 32, 1, 2, 11, 1, 0.003072 
256, 704, 704, 128, 3, 1, 2, 16, 1, 32, 1, 1, 11, 2, 0.003072 
256, 704, 704, 128, 3, 1, 2, 32, 1, 16, 2, 1, 22, 1, 0.002048 
256, 704, 704, 128, 3, 1, 2, 32, 1, 32, 1, 1, 11, 1, 36.683777 
256, 704, 704, 128, 3, 1, 2, 32, 1, 32, 1, 2, 11, 1, 0.003072 
256, 704, 704, 128, 3, 1, 2, 32, 1, 32, 1, 1, 11, 2, 0.003072 
256, 704, 704, 128, 3, 1, 2, 64, 1, 32, 1, 1, 11, 1, 176.084991 
256, 704, 704, 128, 3, 1, 4, 2, 1, 8, 4, 1, 22, 1, 53.471233 
256, 704, 704, 128, 3, 1, 4, 2, 1, 16, 2, 1, 11, 1, 52.005856 
256, 704, 704, 128, 3, 1, 4, 2, 1, 16, 2, 2, 11, 1, 58.000351 
256, 704, 704, 128, 3, 1, 4, 2, 1, 16, 2, 1, 11, 2, 53.441536 
256, 704, 704, 128, 3, 1, 4, 4, 1, 8, 4, 1, 22, 1, 40.100864 
256, 704, 704, 128, 3, 1, 4, 4, 1, 16, 2, 1, 11, 1, 35.756031 
256, 704, 704, 128, 3, 1, 4, 4, 1, 16, 2, 2, 11, 1, 42.097664 
256, 704, 704, 128, 3, 1, 4, 4, 1, 16, 2, 1, 11, 2, 40.108032 
256, 704, 704, 128, 3, 1, 4, 8, 1, 8, 4, 1, 22, 1, 0.002048 
256, 704, 704, 128, 3, 1, 4, 8, 1, 16, 2, 1, 11, 1, 45.805569 
256, 704, 704, 128, 3, 1, 4, 8, 1, 16, 2, 2, 11, 1, 0.003072 
256, 704, 704, 128, 3, 1, 4, 8, 1, 16, 2, 1, 11, 2, 0.002048 
256, 704, 704, 128, 3, 1, 4, 16, 1, 8, 4, 1, 22, 1, 0.003072 
256, 704, 704, 128, 3, 1, 4, 16, 1, 16, 2, 1, 11, 1, 36.596737 
256, 704, 704, 128, 3, 1, 4, 16, 1, 16, 2, 2, 11, 1, 0.003072 
256, 704, 704, 128, 3, 1, 4, 16, 1, 16, 2, 1, 11, 2, 0.003072 
256, 704, 704, 128, 3, 1, 4, 32, 1, 16, 2, 1, 11, 1, 217.675751 
256, 704, 704, 128, 3, 1, 8, 2, 1, 4, 8, 1, 22, 1, 40.458206 
256, 704, 704, 128, 3, 1, 8, 2, 1, 8, 4, 1, 11, 1, 36.779007 
256, 704, 704, 128, 3, 1, 8, 2, 1, 8, 4, 2, 11, 1, 43.840481 
256, 704, 704, 128, 3, 1, 8, 2, 1, 8, 4, 1, 11, 2, 40.463329 
256, 704, 704, 128, 3, 1, 8, 4, 1, 4, 8, 1, 22, 1, 0.003072 
256, 704, 704, 128, 3, 1, 8, 4, 1, 8, 4, 1, 11, 1, 45.838337 
256, 704, 704, 128, 3, 1, 8, 4, 1, 8, 4, 2, 11, 1, 0.003040 
256, 704, 704, 128, 3, 1, 8, 4, 1, 8, 4, 1, 11, 2, 0.003072 
256, 704, 704, 128, 3, 1, 8, 8, 1, 4, 8, 1, 22, 1, 0.003072 
256, 704, 704, 128, 3, 1, 8, 8, 1, 8, 4, 1, 11, 1, 36.199425 
256, 704, 704, 128, 3, 1, 8, 8, 1, 8, 4, 2, 11, 1, 0.003104 
256, 704, 704, 128, 3, 1, 8, 8, 1, 8, 4, 1, 11, 2, 0.003072 
256, 704, 704, 128, 3, 1, 8, 16, 1, 8, 4, 1, 11, 1, 170.324966 
256, 704, 704, 128, 3, 1, 11, 2, 1, 4, 8, 1, 16, 1, 39.837696 
256, 704, 704, 128, 3, 1, 11, 2, 1, 8, 4, 1, 8, 1, 31.869951 
256, 704, 704, 128, 3, 1, 11, 2, 1, 8, 4, 2, 8, 1, 40.796162 
256, 704, 704, 128, 3, 1, 11, 2, 1, 8, 4, 1, 8, 2, 39.833569 
256, 704, 704, 128, 3, 1, 11, 2, 1, 16, 2, 1, 4, 1, 42.992641 
256, 704, 704, 128, 3, 1, 11, 2, 1, 16, 2, 2, 4, 1, 38.628353 
256, 704, 704, 128, 3, 1, 11, 2, 1, 16, 2, 1, 4, 2, 31.838207 
256, 704, 704, 128, 3, 1, 11, 2, 1, 16, 2, 2, 4, 2, 40.824833 
256, 704, 704, 128, 3, 1, 11, 2, 1, 16, 2, 1, 4, 4, 39.839745 
256, 704, 704, 128, 3, 1, 11, 2, 1, 32, 1, 1, 2, 1, 64.105469 
256, 704, 704, 128, 3, 1, 11, 2, 1, 32, 1, 2, 2, 1, 54.664192 
256, 704, 704, 128, 3, 1, 11, 2, 1, 32, 1, 4, 2, 1, 45.428738 
256, 704, 704, 128, 3, 1, 11, 2, 1, 32, 1, 1, 2, 2, 43.240479 
256, 704, 704, 128, 3, 1, 11, 2, 1, 32, 1, 2, 2, 2, 38.590466 
256, 704, 704, 128, 3, 1, 11, 2, 1, 32, 1, 1, 2, 4, 31.810560 
256, 704, 704, 128, 3, 1, 11, 2, 1, 32, 1, 2, 2, 4, 40.792030 
256, 704, 704, 128, 3, 1, 11, 2, 1, 32, 1, 1, 2, 8, 39.841793 
256, 704, 704, 128, 3, 1, 11, 4, 1, 4, 8, 1, 16, 1, 31.818752 
256, 704, 704, 128, 3, 1, 11, 4, 1, 8, 4, 1, 8, 1, 29.596640 
256, 704, 704, 128, 3, 1, 11, 4, 1, 8, 4, 2, 8, 1, 32.156704 
256, 704, 704, 128, 3, 1, 11, 4, 1, 8, 4, 1, 8, 2, 31.806463 
256, 704, 704, 128, 3, 1, 11, 4, 1, 16, 2, 1, 4, 1, 30.997536 
256, 704, 704, 128, 3, 1, 11, 4, 1, 16, 2, 2, 4, 1, 29.826048 
256, 704, 704, 128, 3, 1, 11, 4, 1, 16, 2, 1, 4, 2, 29.626368 
256, 704, 704, 128, 3, 1, 11, 4, 1, 16, 2, 2, 4, 2, 32.160767 
256, 704, 704, 128, 3, 1, 11, 4, 1, 16, 2, 1, 4, 4, 31.824896 
256, 704, 704, 128, 3, 1, 11, 4, 1, 32, 1, 1, 2, 1, 42.800129 
256, 704, 704, 128, 3, 1, 11, 4, 1, 32, 1, 2, 2, 1, 36.913151 
256, 704, 704, 128, 3, 1, 11, 4, 1, 32, 1, 4, 2, 1, 32.474113 
256, 704, 704, 128, 3, 1, 11, 4, 1, 32, 1, 1, 2, 2, 31.029280 
256, 704, 704, 128, 3, 1, 11, 4, 1, 32, 1, 2, 2, 2, 29.819872 
256, 704, 704, 128, 3, 1, 11, 4, 1, 32, 1, 1, 2, 4, 29.535200 
256, 704, 704, 128, 3, 1, 11, 4, 1, 32, 1, 2, 2, 4, 32.154625 
256, 704, 704, 128, 3, 1, 11, 4, 1, 32, 1, 1, 2, 8, 31.817696 
256, 704, 704, 128, 3, 1, 11, 8, 1, 4, 8, 1, 16, 1, 29.797377 
256, 704, 704, 128, 3, 1, 11, 8, 1, 8, 4, 1, 8, 1, 26.693632 
256, 704, 704, 128, 3, 1, 11, 8, 1, 8, 4, 2, 8, 1, 29.654016 
256, 704, 704, 128, 3, 1, 11, 8, 1, 8, 4, 1, 8, 2, 29.799423 
256, 704, 704, 128, 3, 1, 11, 8, 1, 16, 2, 1, 4, 1, 30.887936 
256, 704, 704, 128, 3, 1, 11, 8, 1, 16, 2, 2, 4, 1, 26.867712 
256, 704, 704, 128, 3, 1, 11, 8, 1, 16, 2, 1, 4, 2, 26.699776 
256, 704, 704, 128, 3, 1, 11, 8, 1, 16, 2, 2, 4, 2, 29.659103 
256, 704, 704, 128, 3, 1, 11, 8, 1, 16, 2, 1, 4, 4, 29.799456 
256, 704, 704, 128, 3, 1, 11, 8, 1, 32, 1, 1, 2, 1, 43.329536 
256, 704, 704, 128, 3, 1, 11, 8, 1, 32, 1, 2, 2, 1, 35.123234 
256, 704, 704, 128, 3, 1, 11, 8, 1, 32, 1, 4, 2, 1, 34.210815 
256, 704, 704, 128, 3, 1, 11, 8, 1, 32, 1, 1, 2, 2, 30.747616 
256, 704, 704, 128, 3, 1, 11, 8, 1, 32, 1, 2, 2, 2, 26.820641 
256, 704, 704, 128, 3, 1, 11, 8, 1, 32, 1, 1, 2, 4, 26.674145 
256, 704, 704, 128, 3, 1, 11, 8, 1, 32, 1, 2, 2, 4, 29.648895 
256, 704, 704, 128, 3, 1, 11, 8, 1, 32, 1, 1, 2, 8, 29.797377 
256, 704, 704, 128, 3, 1, 11, 16, 1, 8, 4, 1, 8, 1, 118.957054 
256, 704, 704, 128, 3, 1, 11, 16, 1, 16, 2, 1, 4, 1, 117.834755 
256, 704, 704, 128, 3, 1, 11, 16, 1, 16, 2, 2, 4, 1, 132.492294 
256, 704, 704, 128, 3, 1, 11, 16, 1, 16, 2, 1, 4, 2, 120.218620 
256, 704, 704, 128, 3, 1, 11, 16, 1, 32, 1, 1, 2, 1, 129.248260 
256, 704, 704, 128, 3, 1, 11, 16, 1, 32, 1, 2, 2, 1, 111.918083 
256, 704, 704, 128, 3, 1, 11, 16, 1, 32, 1, 4, 2, 1, 113.110046 
256, 704, 704, 128, 3, 1, 11, 16, 1, 32, 1, 1, 2, 2, 118.242302 
256, 704, 704, 128, 3, 1, 11, 16, 1, 32, 1, 2, 2, 2, 133.045242 
256, 704, 704, 128, 3, 1, 11, 16, 1, 32, 1, 1, 2, 4, 119.995392 
256, 704, 704, 128, 3, 1, 16, 2, 1, 4, 8, 1, 11, 1, 46.334976 
256, 704, 704, 128, 3, 1, 16, 4, 1, 4, 8, 1, 11, 1, 36.305950 
256, 704, 704, 128, 3, 1, 16, 8, 1, 4, 8, 1, 11, 1, 135.705597 
256, 704, 704, 128, 3, 1, 22, 2, 1, 4, 8, 1, 8, 1, 29.890560 
256, 704, 704, 128, 3, 1, 22, 2, 1, 8, 4, 1, 4, 1, 35.854366 
256, 704, 704, 128, 3, 1, 22, 2, 1, 8, 4, 2, 4, 1, 30.039040 
256, 704, 704, 128, 3, 1, 22, 2, 1, 8, 4, 1, 4, 2, 29.788160 
256, 704, 704, 128, 3, 1, 22, 2, 1, 16, 2, 1, 2, 1, 42.637314 
256, 704, 704, 128, 3, 1, 22, 2, 1, 16, 2, 2, 2, 1, 49.785854 
256, 704, 704, 128, 3, 1, 22, 2, 1, 16, 2, 1, 2, 2, 35.933186 
256, 704, 704, 128, 3, 1, 22, 2, 1, 16, 2, 2, 2, 2, 30.063583 
256, 704, 704, 128, 3, 1, 22, 2, 1, 16, 2, 1, 2, 4, 29.986784 
256, 704, 704, 128, 3, 1, 22, 2, 1, 32, 1, 1, 1, 1, 100.991997 
256, 704, 704, 128, 3, 1, 22, 2, 1, 32, 1, 2, 1, 1, 57.456638 
256, 704, 704, 128, 3, 1, 22, 2, 1, 32, 1, 4, 1, 1, 54.397984 
256, 704, 704, 128, 3, 1, 22, 2, 1, 32, 1, 1, 1, 2, 42.330112 
256, 704, 704, 128, 3, 1, 22, 2, 1, 32, 1, 2, 1, 2, 49.784832 
256, 704, 704, 128, 3, 1, 22, 2, 1, 32, 1, 1, 1, 4, 35.957760 
256, 704, 704, 128, 3, 1, 22, 2, 1, 32, 1, 2, 1, 4, 30.057472 
256, 704, 704, 128, 3, 1, 22, 2, 1, 32, 1, 1, 1, 8, 29.855713 
256, 704, 704, 128, 3, 1, 22, 4, 1, 4, 8, 1, 8, 1, 28.390400 
256, 704, 704, 128, 3, 1, 22, 4, 1, 8, 4, 1, 4, 1, 29.495296 
256, 704, 704, 128, 3, 1, 22, 4, 1, 8, 4, 2, 4, 1, 28.993504 
256, 704, 704, 128, 3, 1, 22, 4, 1, 8, 4, 1, 4, 2, 28.410879 
256, 704, 704, 128, 3, 1, 22, 4, 1, 16, 2, 1, 2, 1, 38.266880 
256, 704, 704, 128, 3, 1, 22, 4, 1, 16, 2, 2, 2, 1, 36.357121 
256, 704, 704, 128, 3, 1, 22, 4, 1, 16, 2, 1, 2, 2, 29.549568 
256, 704, 704, 128, 3, 1, 22, 4, 1, 16, 2, 2, 2, 2, 29.049856 
256, 704, 704, 128, 3, 1, 22, 4, 1, 16, 2, 1, 2, 4, 28.395489 
256, 704, 704, 128, 3, 1, 22, 4, 1, 32, 1, 1, 1, 1, 88.757217 
256, 704, 704, 128, 3, 1, 22, 4, 1, 32, 1, 2, 1, 1, 52.162560 
256, 704, 704, 128, 3, 1, 22, 4, 1, 32, 1, 4, 1, 1, 38.683647 
256, 704, 704, 128, 3, 1, 22, 4, 1, 32, 1, 1, 1, 2, 39.026718 
256, 704, 704, 128, 3, 1, 22, 4, 1, 32, 1, 2, 1, 2, 36.305950 
256, 704, 704, 128, 3, 1, 22, 4, 1, 32, 1, 1, 1, 4, 29.547552 
256, 704, 704, 128, 3, 1, 22, 4, 1, 32, 1, 2, 1, 4, 29.064192 
256, 704, 704, 128, 3, 1, 22, 4, 1, 32, 1, 1, 1, 8, 28.391392 
256, 704, 704, 128, 3, 1, 22, 8, 1, 4, 8, 1, 8, 1, 186.673126 
256, 704, 704, 128, 3, 1, 22, 8, 1, 8, 4, 1, 4, 1, 185.951202 
256, 704, 704, 128, 3, 1, 22, 8, 1, 8, 4, 2, 4, 1, 160.057312 
256, 704, 704, 128, 3, 1, 22, 8, 1, 8, 4, 1, 4, 2, 186.762207 
256, 704, 704, 128, 3, 1, 22, 8, 1, 16, 2, 1, 2, 1, 158.328796 
256, 704, 704, 128, 3, 1, 22, 8, 1, 16, 2, 2, 2, 1, 158.377945 
256, 704, 704, 128, 3, 1, 22, 8, 1, 16, 2, 1, 2, 2, 185.991135 
256, 704, 704, 128, 3, 1, 22, 8, 1, 16, 2, 2, 2, 2, 160.093155 
256, 704, 704, 128, 3, 1, 22, 8, 1, 16, 2, 1, 2, 4, 186.565598 
256, 704, 704, 128, 3, 1, 22, 8, 1, 32, 1, 1, 1, 1, 139.450394 
256, 704, 704, 128, 3, 1, 22, 8, 1, 32, 1, 2, 1, 1, 133.719040 
256, 704, 704, 128, 3, 1, 22, 8, 1, 32, 1, 4, 1, 1, 177.524704 
256, 704, 704, 128, 3, 1, 22, 8, 1, 32, 1, 1, 1, 2, 158.534622 
256, 704, 704, 128, 3, 1, 22, 8, 1, 32, 1, 2, 1, 2, 157.956070 
256, 704, 704, 128, 3, 1, 22, 8, 1, 32, 1, 1, 1, 4, 186.460129 
256, 704, 704, 128, 3, 1, 22, 8, 1, 32, 1, 2, 1, 4, 159.768539 
256, 704, 704, 128, 3, 1, 22, 8, 1, 32, 1, 1, 1, 8, 186.542053 
256, 704, 704, 128, 3, 1, 44, 2, 1, 4, 8, 1, 4, 1, 36.162560 
256, 704, 704, 128, 3, 1, 44, 2, 1, 8, 4, 1, 2, 1, 49.643520 
256, 704, 704, 128, 3, 1, 44, 2, 1, 8, 4, 2, 2, 1, 37.351425 
256, 704, 704, 128, 3, 1, 44, 2, 1, 8, 4, 1, 2, 2, 36.067360 
256, 704, 704, 128, 3, 1, 44, 2, 1, 16, 2, 1, 1, 1, 79.218689 
256, 704, 704, 128, 3, 1, 44, 2, 1, 16, 2, 2, 1, 1, 66.647041 
256, 704, 704, 128, 3, 1, 44, 2, 1, 16, 2, 1, 1, 2, 49.839104 
256, 704, 704, 128, 3, 1, 44, 2, 1, 16, 2, 2, 1, 2, 37.327873 
256, 704, 704, 128, 3, 1, 44, 2, 1, 16, 2, 1, 1, 4, 36.065281 
256, 704, 704, 128, 3, 1, 44, 4, 1, 4, 8, 1, 4, 1, 66.183167 
256, 704, 704, 128, 3, 1, 44, 4, 1, 8, 4, 1, 2, 1, 69.257187 
256, 704, 704, 128, 3, 1, 44, 4, 1, 8, 4, 2, 2, 1, 60.400639 
256, 704, 704, 128, 3, 1, 44, 4, 1, 8, 4, 1, 2, 2, 66.552834 
256, 704, 704, 128, 3, 1, 44, 4, 1, 16, 2, 1, 1, 1, 86.473763 
256, 704, 704, 128, 3, 1, 44, 4, 1, 16, 2, 2, 1, 1, 80.701408 
256, 704, 704, 128, 3, 1, 44, 4, 1, 16, 2, 1, 1, 2, 69.439491 
256, 704, 704, 128, 3, 1, 44, 4, 1, 16, 2, 2, 1, 2, 60.591103 
256, 704, 704, 128, 3, 1, 44, 4, 1, 16, 2, 1, 1, 4, 66.440193 

